119,78,90,151,82,148
46,102,68,151,82,328
122,79,87,151,83,152
47,101,68,151,83,332
126,80,85,151,83,157
49,100,68,151,83,337
129,81,84,151,83,161
50,99,69,151,83,341
133,81,83,152,83,165
52,99,68,152,83,345
136,83,81,152,84,169
52,97,69,152,84,349
140,84,80,152,84,173
54,96,69,152,84,353
142,84,80,152,84,176
54,96,69,152,84,356
55,95,111,152,84,0
146,85,101,152,84,180
56,94,111,152,85,3
148,86,101,152,85,183
57,93,110,152,85,6
151,87,102,152,85,186
57,92,110,152,85,8
153,88,102,152,85,188
58,91,110,152,86,11
156,89,102,152,86,191
58,91,110,152,86,13
157,89,102,152,86,193
59,90,110,151,86,15
159,90,102,151,86,195
59,89,110,151,87,17
161,91,102,151,87,197
59,89,110,151,87,19
163,91,102,151,87,199
60,88,110,151,87,21
164,92,102,151,87,201
60,88,110,151,88,22
166,92,101,151,88,202
61,87,110,151,88,24
167,93,101,151,88,204
61,87,110,151,88,25
168,93,101,151,88,205
61,87,109,150,89,26
169,93,101,150,89,206
61,86,109,150,89,28
171,94,101,150,89,208
61,86,109,150,90,29
172,94,100,150,90,209
62,85,109,150,90,30
173,95,100,150,90,210
62,85,109,150,90,31
174,95,100,150,90,211
62,85,109,149,91,32
175,95,100,149,91,212
63,85,109,149,91,33
175,95,99,149,91,213
62,84,109,149,92,33
176,96,99,149,92,213
63,84,108,148,92,34
176,96,99,148,92,214
63,84,108,148,93,35
177,96,98,148,93,215
63,84,108,148,93,36
178,96,98,148,93,216
63,83,108,147,94,36
178,97,98,147,94,216
63,83,108,147,94,37
179,97,98,147,94,217
63,83,108,147,95,38
180,97,97,147,95,218
64,83,107,146,95,38
180,97,97,146,95,218
64,83,107,146,96,39
181,97,97,146,96,219
64,83,107,146,96,39
181,97,97,146,96,219
64,82,106,145,97,40
182,98,96,145,97,220
64,82,106,145,97,41
182,98,96,145,97,221
64,82,106,144,98,41
183,98,96,144,98,221
65,82,106,144,98,42
183,98,95,144,98,222
65,82,105,143,99,42
183,98,95,143,99,222
65,82,105,143,99,42
183,98,95,143,99,222
65,82,105,142,100,43
184,98,94,142,100,223
65,82,105,142,100,43
184,98,94,142,100,223
65,82,104,141,101,44
185,98,94,141,101,224
65,81,104,141,102,44
185,99,93,141,102,224
65,82,104,140,102,44
185,98,93,140,102,224
65,81,104,140,103,45
186,99,93,140,103,225
66,81,103,139,103,45
186,99,93,139,103,225
66,81,102,138,104,46
186,99,92,138,104,226
66,81,102,138,105,46
186,99,92,138,105,226
66,81,102,137,105,46
186,99,92,137,105,226
66,81,102,137,106,47
187,99,91,137,106,227
67,81,101,136,106,47
187,99,91,136,106,227
67,81,101,135,107,47
187,99,91,135,107,227
66,81,101,135,108,47
187,99,91,135,108,227
67,81,100,134,108,48
188,99,90,134,108,228
67,81,100,133,109,48
187,99,90,133,109,228
67,81,100,133,109,48
187,99,90,133,109,228
68,81,99,132,110,49
188,99,89,132,110,229
68,81,98,131,111,49
188,99,89,131,111,229
68,81,98,130,111,49
188,99,89,130,111,229
68,81,98,130,112,49
188,99,89,130,112,229
68,81,97,129,113,50
189,99,88,129,113,230
68,81,97,128,113,50
188,99,88,128,113,230
69,81,96,127,114,50
188,99,88,127,114,230
69,81,96,127,114,50
188,99,88,127,114,230
69,81,96,126,115,51
189,99,87,126,115,231
69,82,95,125,116,51
189,98,87,125,116,231
69,82,95,124,116,51
189,98,87,124,116,231
69,82,95,124,117,51
189,98,87,124,117,231
70,82,94,123,118,52
189,98,86,123,118,232
70,82,94,122,118,52
189,98,86,122,118,232
70,82,93,121,119,52
189,98,86,121,119,232
70,82,93,120,120,52
189,98,85,120,120,232
71,82,92,119,120,53
189,98,85,119,120,233
71,82,92,119,121,53
189,98,85,119,121,233
71,82,92,118,121,53
189,98,85,118,121,233
71,82,91,117,122,53
189,98,84,117,122,233
72,82,91,116,123,54
189,98,84,116,123,234
72,83,90,115,123,54
189,97,84,115,123,234
72,83,90,114,124,54
189,97,83,114,124,234
72,83,90,114,125,54
189,97,83,114,125,234
72,83,89,113,125,54
189,97,83,113,125,234
73,83,89,112,126,55
189,97,83,112,126,235
73,83,88,111,126,55
189,97,83,111,126,235
73,83,88,110,127,55
189,97,82,110,127,235
73,83,88,109,128,55
189,97,82,109,128,235
74,84,87,108,128,56
189,96,82,108,128,236
74,84,87,107,129,56
189,96,81,107,129,236
74,84,87,107,129,56
189,96,81,107,129,236
75,84,86,106,130,56
189,96,81,106,130,236
75,84,86,105,131,56
189,96,80,105,131,236
76,84,86,104,131,57
189,96,80,104,131,237
76,84,85,103,132,57
189,96,80,103,132,237
76,85,85,102,132,57
189,95,80,102,132,237
76,85,85,101,133,57
189,95,79,101,133,237
77,85,84,100,134,58
189,95,79,100,134,238
77,85,84,100,134,58
189,95,79,100,134,238
77,85,84,99,135,58
189,95,78,99,135,238
77,85,83,98,135,58
189,95,78,98,135,238
77,85,83,97,136,58
188,95,78,97,136,238
78,86,83,96,136,59
189,94,78,96,136,239
78,86,82,95,137,59
188,94,77,95,137,239
79,86,82,94,137,59
188,94,77,94,137,239
79,86,82,93,138,59
188,94,77,93,138,239
80,87,82,92,138,60
188,93,76,92,138,240
80,86,82,92,139,60
188,94,76,92,139,240
80,87,81,91,139,60
188,93,76,91,139,240
80,87,81,90,140,60
188,93,75,90,140,240
81,87,81,89,140,61
188,93,75,89,140,241
81,87,81,88,141,61
188,93,75,88,141,241
82,88,80,87,141,61
188,92,75,87,141,241
82,88,80,86,142,61
187,92,74,86,142,241
83,88,80,86,142,62
188,92,74,86,142,242
83,88,80,85,143,62
188,92,74,85,143,242
83,88,80,84,143,62
187,92,73,84,143,242
84,89,79,83,144,63
187,91,73,83,144,243
84,89,79,82,144,63
187,91,73,82,144,243
84,89,79,81,144,63
187,91,73,81,144,243
84,89,79,81,145,63
187,91,72,81,145,243
85,89,79,80,145,64
187,91,72,80,145,244
86,90,79,79,146,64
187,90,71,79,146,244
86,90,79,78,146,64
187,90,71,78,146,244
87,90,78,77,146,65
187,90,71,77,146,245
87,90,78,77,147,65
187,90,70,77,147,245
87,91,78,76,147,65
186,89,70,76,147,245
88,91,78,75,148,66
187,89,70,75,148,246
88,91,78,74,148,66
186,89,69,74,148,246
88,91,78,74,148,66
186,89,69,74,148,246
89,92,78,73,149,67
186,88,69,73,149,247
90,92,78,72,149,67
186,88,68,72,149,247
91,92,78,71,149,68
186,88,68,71,149,248
91,92,78,71,149,68
186,88,68,71,149,248
92,93,78,70,150,69
186,87,67,70,150,249
92,93,78,69,150,69
186,87,67,69,150,249
92,93,78,69,150,69
186,87,67,69,150,249
93,94,78,68,151,70
186,86,66,68,151,250
94,94,78,67,151,70
185,86,66,67,151,250
95,94,78,67,151,71
186,86,66,67,151,251
96,95,78,66,151,72
186,85,66,66,151,252
96,95,78,65,151,72
185,85,65,65,151,252
97,95,78,65,152,73
186,85,65,65,152,253
97,96,78,64,152,73
185,84,65,64,152,253
98,96,78,63,152,74
185,84,64,63,152,254
99,96,79,63,152,75
185,84,64,63,152,255
100,97,79,62,152,75
185,83,64,62,152,255
101,97,79,62,152,76
185,83,64,62,152,256
102,97,79,61,153,77
185,83,63,61,153,257
103,98,79,61,153,78
186,82,63,61,153,258
104,98,80,60,153,79
185,82,62,60,153,259
104,98,80,60,153,79
185,82,62,60,153,259
105,99,80,59,153,80
185,81,61,59,153,260
106,99,81,59,153,81
185,81,61,59,153,261
108,100,82,58,153,83
186,80,61,58,153,263
109,100,82,58,153,84
186,80,60,58,153,264
110,101,83,57,153,85
186,79,60,57,153,265
111,101,83,57,153,86
186,79,59,57,153,266
113,102,85,56,153,88
186,78,59,56,153,268
114,102,85,56,153,89
186,78,58,56,153,269
116,103,87,56,153,91
187,77,58,56,153,271
118,104,88,55,153,93
187,76,57,55,153,273
120,104,90,55,153,95
187,76,56,55,153,275
122,105,92,54,153,97
187,75,55,54,153,277
124,106,94,54,153,99
188,74,55,54,153,279
125,106,95,54,153,101
188,74,54,54,153,281
128,107,99,53,153,104
189,73,52,53,153,284
130,107,101,53,153,106
189,73,52,53,153,286
132,108,104,53,153,109
190,72,51,53,153,289
136,109,109,53,153,113
192,71,50,53,153,293
138,109,113,52,153,116
192,71,48,52,153,296
141,110,118,52,153,120
194,70,47,52,153,300
144,110,122,52,153,124
195,70,47,52,153,304
146,110,124,52,152,128
197,70,48,52,152,308
149,111,129,51,152,132
199,69,47,51,152,312
152,111,131,51,152,136
0,69,48,51,152,316
154,111,133,51,152,141
3,69,51,51,152,321
156,111,133,51,152,145
6,69,53,51,152,325
159,110,133,51,152,150
9,70,58,51,152,330
160,110,132,51,151,154
12,70,63,51,151,334
162,109,131,51,151,159
16,71,69,51,151,339
163,108,130,51,151,163
19,72,73,51,151,343
164,108,129,50,151,167
22,72,77,50,151,347
166,107,128,50,151,171
25,73,82,50,151,351
166,106,126,50,150,175
29,74,86,50,150,355
167,105,125,50,150,178
32,75,89,50,150,358
34,76,89,50,150,1
168,104,56,50,150,181
37,77,87,50,149,4
168,103,57,50,149,184
40,78,85,50,149,7
169,102,58,50,149,187
43,79,83,50,149,10
169,101,58,50,149,190
45,79,82,50,149,12
170,101,59,50,149,192
47,80,81,51,148,14
170,100,60,51,148,194
49,81,81,51,148,16
170,99,60,51,148,196
50,81,80,51,148,18
171,99,61,51,148,198
53,82,79,51,147,20
171,98,61,51,147,200
53,82,79,51,147,21
171,98,62,51,147,201
56,83,78,51,146,23
171,97,62,51,146,203
57,84,78,51,146,24
171,96,62,51,146,204
58,84,78,51,146,26
172,96,62,51,146,206
59,85,78,52,145,27
172,95,63,52,145,207
60,85,77,52,145,28
172,95,63,52,145,208
62,86,77,52,144,29
172,94,64,52,144,209
62,86,77,52,144,30
172,94,64,52,144,210
63,86,77,53,144,31
172,94,64,53,144,211
64,87,77,53,143,32
172,93,65,53,143,212
65,87,77,53,143,33
173,93,65,53,143,213
66,88,77,53,142,34
172,92,65,53,142,214
67,88,77,54,142,35
173,92,66,54,142,215
67,88,77,54,141,35
173,92,66,54,141,215
68,88,77,54,141,36
173,92,66,54,141,216
69,89,77,55,140,37
173,91,67,55,140,217
69,89,77,55,140,37
173,91,67,55,140,217
70,89,77,55,139,38
173,91,67,55,139,218
71,89,77,56,139,39
173,91,67,56,139,219
71,89,77,56,138,39
173,91,68,56,138,219
72,90,77,57,138,40
174,90,68,57,138,220
72,90,78,57,137,40
173,90,68,57,137,220
73,90,78,58,137,41
174,90,69,58,137,221
73,90,78,58,136,41
174,90,69,58,136,221
74,90,78,59,136,42
174,90,69,59,136,222
74,90,78,59,135,42
174,90,70,59,135,222
75,90,78,60,135,43
174,90,70,60,135,223
75,91,78,60,134,43
174,89,70,60,134,223
75,91,79,61,133,43
174,89,71,61,133,223
76,91,79,61,133,44
174,89,71,61,133,224
76,91,79,62,132,44
174,89,72,62,132,224
77,91,79,62,132,45
175,89,72,62,132,225
77,91,79,63,131,45
175,89,72,63,131,225
77,91,79,63,131,45
175,89,72,63,131,225
78,91,79,64,130,46
175,89,73,64,130,226
78,91,80,65,129,46
175,89,74,65,129,226
78,91,80,65,129,46
175,89,74,65,129,226
78,92,80,66,128,47
175,88,74,66,128,227
78,92,80,66,128,47
175,88,74,66,128,227
78,92,80,67,127,47
175,88,75,67,127,227
79,92,81,68,126,48
176,88,75,68,126,228
79,92,81,68,126,48
176,88,75,68,126,228
79,92,81,69,125,48
176,88,76,69,125,228
79,92,81,70,124,48
176,88,77,70,124,228
80,92,81,71,124,49
176,88,77,71,124,229
80,92,81,71,123,49
176,88,77,71,123,229
80,92,82,72,123,49
176,88,78,72,123,229
80,92,82,73,122,50
177,88,78,73,122,230
80,92,82,73,121,50
176,88,78,73,121,230
80,92,82,74,121,50
177,88,79,74,121,230
80,92,82,75,120,50
177,88,79,75,120,230
81,92,83,76,119,51
177,88,80,76,119,231
81,92,83,77,119,51
177,88,80,77,119,231
81,92,83,77,118,51
177,88,80,77,118,231
81,92,83,78,118,51
177,88,81,78,118,231
81,92,84,79,117,52
178,88,81,79,117,232
81,92,84,80,116,52
178,88,82,80,116,232
81,92,84,80,116,52
178,88,82,80,116,232
81,92,84,81,115,52
178,88,82,81,115,232
82,92,84,82,114,53
178,88,83,82,114,233
81,91,85,83,114,53
179,89,83,83,114,233
81,91,85,84,113,53
179,89,84,84,113,233
81,91,85,85,112,53
179,89,84,85,112,233
81,91,85,85,112,53
179,89,84,85,112,233
82,91,86,86,111,54
179,89,85,86,111,234
82,91,86,87,111,54
180,89,85,87,111,234
82,91,86,88,110,54
180,89,85,88,110,234
82,91,86,89,109,54
180,89,86,89,109,234
82,91,87,90,109,55
180,89,86,90,109,235
82,91,87,91,108,55
181,89,86,91,108,235
82,91,87,91,107,55
180,89,87,91,107,235
82,91,87,92,107,55
181,89,87,92,107,235
82,91,88,93,106,55
181,89,87,93,106,235
82,90,88,94,106,56
181,90,87,94,106,236
82,90,88,95,105,56
182,90,88,95,105,236
82,90,88,96,104,56
182,90,88,96,104,236
82,90,89,97,104,56
182,90,89,97,104,236
82,90,89,98,103,57
183,90,89,98,103,237
82,90,89,99,103,57
183,90,89,99,103,237
82,90,89,99,102,57
183,90,89,99,102,237
82,90,90,100,102,57
183,90,90,100,102,237
82,90,90,101,101,57
183,90,90,101,101,237
82,90,90,102,100,58
184,90,90,102,100,238
82,89,90,103,100,58
184,91,90,103,100,238
82,89,91,104,99,58
184,91,91,104,99,238
81,89,91,105,99,58
184,91,91,105,99,238
82,89,91,106,98,59
185,91,91,106,98,239
82,89,91,106,98,59
185,91,91,106,98,239
82,89,92,107,97,59
185,91,92,107,97,239
81,88,92,108,97,59
185,92,92,108,97,239
81,88,93,109,96,59
186,92,92,109,96,239
82,88,93,110,96,60
186,92,92,110,96,240
82,88,93,111,95,60
186,92,92,111,95,240
81,88,93,112,95,60
187,92,93,112,95,240
81,88,94,113,94,60
187,92,93,113,94,240
82,88,94,113,94,61
188,92,93,113,94,241
81,87,94,114,93,61
188,93,93,114,93,241
81,87,95,115,93,61
188,93,93,115,93,241
82,87,95,116,92,62
189,93,93,116,92,242
81,87,95,117,92,62
189,93,93,117,92,242
81,87,96,118,91,62
189,93,94,118,91,242
81,86,96,119,91,62
189,94,94,119,91,242
81,86,96,119,90,63
190,94,94,119,90,243
81,86,96,120,90,63
190,94,94,120,90,243
81,86,97,121,90,63
190,94,94,121,90,243
81,86,97,122,89,64
191,94,94,122,89,244
81,85,98,123,89,64
192,95,94,123,89,244
81,86,98,123,88,64
191,94,94,123,88,244
81,85,98,124,88,65
192,95,94,124,88,245
81,85,98,125,88,65
193,95,94,125,88,245
81,85,99,126,87,65
193,95,95,126,87,245
81,84,99,127,87,66
194,96,94,127,87,246
81,85,100,127,86,66
194,95,95,127,86,246
81,84,100,128,86,66
194,96,95,128,86,246
81,84,100,129,86,67
195,96,94,129,86,247
81,84,101,130,85,67
195,96,95,130,85,247
81,84,101,130,85,67
195,96,95,130,85,247
81,83,101,131,85,68
196,97,94,131,85,248
80,83,101,132,85,68
196,97,94,132,85,248
81,83,102,132,84,69
197,97,94,132,84,249
81,83,102,133,84,69
197,97,94,133,84,249
81,82,102,134,84,70
198,98,94,134,84,250
81,82,102,134,84,70
198,98,94,134,84,250
81,82,103,135,83,71
199,98,94,135,83,251
81,82,104,136,83,71
200,98,94,136,83,251
81,82,103,136,83,72
200,98,93,136,83,252
81,81,104,137,83,72
0,99,93,137,83,252
81,81,105,138,82,73
1,99,93,138,82,253
81,81,105,138,82,74
1,99,93,138,82,254
81,81,105,139,82,74
2,99,93,139,82,254
81,80,105,139,82,75
2,100,92,139,82,255
81,80,105,140,82,76
3,100,92,140,82,256
81,80,106,141,82,76
4,100,92,141,82,256
81,80,106,141,82,77
4,100,91,141,82,257
82,79,107,142,81,78
5,101,91,142,81,258
82,79,107,142,81,79
6,101,91,142,81,259
82,79,107,143,81,80
7,101,90,143,81,260
82,79,107,143,81,81
8,101,90,143,81,261
83,78,108,144,81,82
9,102,89,144,81,262
83,78,108,144,81,83
10,102,88,144,81,263
83,78,108,145,81,84
11,102,88,145,81,264
84,77,108,145,81,86
12,103,87,145,81,266
84,77,108,145,81,87
13,103,86,145,81,267
84,77,109,146,81,88
14,103,85,146,81,268
85,77,108,146,81,90
15,103,85,146,81,270
86,76,109,147,81,92
17,104,83,147,81,272
87,76,109,147,81,94
18,104,82,147,81,274
88,76,108,147,81,96
20,104,81,147,81,276
88,75,109,148,81,98
21,105,80,148,81,278
89,75,108,148,81,100
23,105,79,148,81,280
90,75,108,148,81,102
24,105,78,148,81,282
91,75,108,149,81,105
26,105,76,149,81,285
93,75,107,149,81,108
28,105,75,149,81,288
95,75,106,149,81,111
29,105,74,149,81,291
96,75,106,150,81,114
31,105,72,150,81,294
98,75,104,150,81,118
34,105,71,150,81,298
101,75,102,150,82,122
35,105,70,150,82,302
103,75,100,150,82,126
37,105,70,150,82,306
106,76,98,150,82,130
39,104,69,150,82,310
109,76,96,151,82,134
41,104,68,151,82,314
112,76,94,151,82,139
43,104,68,151,82,319
115,77,92,151,82,143
45,103,68,151,82,323
115,77,92,151,82,143
45,103,68,151,82,323
41,67,155,180,140,33
197,113,48,180,140,213
40,67,158,180,141,34
199,113,42,180,141,214
40,67,159,179,142,35
200,113,38,179,142,215
41,66,161,179,142,37
1,114,32,179,142,217
41,66,162,178,143,38
2,114,29,178,143,218
41,65,165,178,144,39
3,115,24,178,144,219
41,65,166,177,145,40
4,115,21,177,145,220
42,65,167,176,145,42
5,115,19,176,145,222
41,65,169,176,146,43
7,115,14,176,146,223
42,65,170,175,147,44
7,115,13,175,147,224
43,65,169,174,147,45
8,115,14,174,147,225
42,64,172,174,148,46
9,116,10,174,148,226
43,64,173,173,149,48
10,116,8,173,149,228
44,64,171,172,149,49
11,116,10,172,149,229
44,64,174,172,150,50
12,116,7,172,150,230
45,64,173,171,151,51
12,116,7,171,151,231
46,64,171,170,151,52
12,116,9,170,151,232
47,64,170,169,152,54
13,116,10,169,152,234
48,64,170,169,152,55
14,116,10,169,152,235
48,65,169,168,153,56
14,115,10,168,153,236
49,65,167,167,154,57
14,115,11,167,154,237
50,65,164,166,154,58
14,115,14,166,154,238
51,65,162,165,155,59
15,115,15,165,155,239
53,65,159,165,155,61
15,115,16,165,155,241
54,66,157,164,156,62
16,114,18,164,156,242
55,66,152,163,156,63
15,114,21,163,156,243
56,66,149,162,157,64
16,114,22,162,157,244
57,67,144,161,157,65
15,113,25,161,157,245
58,67,140,160,157,66
15,113,27,160,157,246
60,67,136,159,158,67
15,113,29,159,158,247
61,68,131,158,158,68
15,112,31,158,158,248
62,68,127,157,159,69
15,112,32,157,159,249
64,69,121,156,159,71
15,111,35,156,159,251
65,69,117,155,159,72
15,111,37,155,159,252
67,70,114,154,160,73
15,110,39,154,160,253
67,70,112,154,160,74
15,110,39,154,160,254
69,71,108,153,160,75
15,109,41,153,160,255
70,71,105,152,160,76
15,109,43,152,160,256
71,72,103,151,161,77
15,108,44,151,161,257
73,72,100,150,161,78
15,108,45,150,161,258
74,73,96,148,161,79
14,107,47,148,161,259
76,73,94,147,161,80
14,107,49,147,161,260
77,74,92,146,162,81
14,106,49,146,162,261
78,75,91,145,162,82
13,105,51,145,162,262
79,75,89,144,162,83
13,105,52,144,162,263
81,76,88,143,162,84
13,104,53,143,162,264
82,76,86,142,162,85
13,104,54,142,162,265
83,77,85,141,162,86
13,103,55,141,162,266
85,78,84,140,162,87
13,102,55,140,162,267
86,78,83,139,162,88
12,102,56,139,162,268
87,79,82,138,162,89
12,101,57,138,162,269
88,79,82,137,162,90
12,101,58,137,162,270
90,80,81,136,162,91
12,100,58,136,162,271
90,80,81,135,162,91
12,100,59,135,162,271
91,81,80,134,162,92
11,99,59,134,162,272
93,81,79,133,162,93
11,99,60,133,162,273
94,82,79,131,162,94
11,98,61,131,162,274
95,83,78,130,162,95
11,97,61,130,162,275
97,84,78,129,162,96
11,96,62,129,162,276
98,84,77,128,162,97
10,96,62,128,162,277
99,85,77,127,162,98
10,95,62,127,162,278
100,85,77,126,162,99
10,95,63,126,162,279
102,86,77,125,162,100
10,94,63,125,162,280
102,86,77,124,161,100
10,94,64,124,161,280
103,87,77,123,161,101
10,93,64,123,161,281
105,88,77,121,161,102
9,92,64,121,161,282
106,88,76,120,161,103
9,92,65,120,161,283
107,89,77,119,160,104
9,91,65,119,160,284
108,89,77,118,160,105
9,91,65,118,160,285
109,90,77,117,160,106
9,90,66,117,160,286
110,90,77,116,160,106
9,90,66,116,160,286
111,91,77,115,159,107
9,89,66,115,159,287
112,91,77,114,159,108
8,89,66,114,159,288
113,92,77,113,159,109
8,88,67,113,159,289
114,92,77,112,158,110
8,88,67,112,158,290
116,93,78,110,158,111
8,87,67,110,158,291
116,93,78,109,157,111
8,87,68,109,157,291
117,94,78,108,157,112
8,86,68,108,157,292
118,94,79,107,156,113
8,86,68,107,156,293
119,95,79,106,156,114
8,85,68,106,156,294
121,95,79,105,156,115
8,85,68,105,156,295
122,96,80,104,155,116
8,84,69,104,155,296
122,96,80,103,155,116
8,84,69,103,155,296
123,97,81,102,154,117
8,83,69,102,154,297
124,97,81,101,154,118
8,83,69,101,154,298
125,97,82,100,153,119
8,83,69,100,153,299
126,98,82,99,152,120
8,82,70,99,152,300
126,98,83,98,152,120
8,82,70,98,152,300
127,98,83,97,151,121
8,82,70,97,151,301
128,99,84,96,151,122
8,81,70,96,151,302
129,99,84,95,150,123
8,81,71,95,150,303
130,99,85,94,149,124
8,81,71,94,149,304
131,100,86,93,149,125
8,80,71,93,149,305
131,100,86,92,148,125
8,80,72,92,148,305
132,100,87,91,147,126
9,80,72,91,147,306
133,100,88,90,147,127
9,80,72,90,147,307
134,101,88,89,146,128
9,79,72,89,146,308
135,101,89,88,145,129
9,79,73,88,145,309
135,101,90,87,145,129
9,79,73,87,145,309
136,101,90,86,144,130
10,79,73,86,144,310
136,101,91,86,143,131
10,79,74,86,143,311
137,101,92,85,142,132
11,79,75,85,142,312
138,102,92,84,142,133
11,78,75,84,142,313
138,102,93,83,141,134
11,78,75,83,141,314
138,102,94,82,140,134
11,78,76,82,140,314
139,102,94,81,139,135
12,78,76,81,139,315
140,102,94,81,138,136
12,78,77,81,138,316
140,102,95,80,138,137
13,78,77,80,138,317
141,102,96,79,137,138
13,78,78,79,137,318
142,102,97,78,136,139
14,78,79,78,136,319
142,102,97,77,135,139
14,78,79,77,135,319
142,102,97,77,134,140
14,78,80,77,134,320
142,102,98,76,133,141
15,78,81,76,133,321
143,102,98,75,132,142
16,78,82,75,132,322
143,101,99,75,131,143
16,79,82,75,131,323
144,102,99,74,131,144
17,78,83,74,131,324
144,102,100,73,130,145
18,78,83,73,130,325
145,101,100,73,129,146
18,79,84,73,129,326
145,101,100,72,128,146
18,79,85,72,128,326
145,101,101,71,127,147
19,79,86,71,127,327
145,101,101,71,126,148
20,79,86,71,126,328
146,101,101,70,125,149
21,79,87,70,125,329
146,100,101,70,124,150
22,80,88,70,124,330
146,100,102,69,123,151
23,80,89,69,123,331
146,100,102,68,122,152
23,80,89,68,122,332
147,100,102,68,121,153
24,80,90,68,121,333
147,99,102,67,120,154
25,81,91,67,120,334
147,99,102,67,119,155
26,81,92,67,119,335
147,99,103,66,118,156
27,81,92,66,118,336
147,98,102,66,117,156
27,82,93,66,117,336
147,98,102,66,116,157
28,82,93,66,116,337
147,98,103,65,115,158
29,82,94,65,115,338
147,97,103,65,114,159
30,83,94,65,114,339
148,97,103,64,113,160
31,83,95,64,113,340
148,97,103,64,112,161
32,83,95,64,112,341
148,96,103,64,111,162
33,84,96,64,111,342
148,96,103,63,110,163
34,84,96,63,110,343
148,95,103,63,109,164
35,85,97,63,109,344
148,95,103,63,108,165
36,85,97,63,108,345
148,95,103,63,107,166
37,85,97,63,107,346
148,94,103,62,106,167
38,86,98,62,106,347
148,94,103,62,105,168
39,86,98,62,105,348
148,93,103,62,104,169
41,87,98,62,104,349
148,93,103,62,103,170
42,87,99,62,103,350
148,92,104,61,102,171
43,88,99,61,102,351
149,92,104,61,101,173
45,88,99,61,101,353
149,91,104,61,100,174
46,89,99,61,100,354
149,91,104,61,99,175
47,89,99,61,99,355
149,90,104,61,98,176
48,90,99,61,98,356
149,90,104,61,97,177
49,90,99,61,97,357
149,89,104,61,96,178
50,91,99,61,96,358
149,89,104,61,95,179
51,91,99,61,95,359
52,92,81,61,94,0
149,88,76,61,94,180
53,92,81,61,93,1
149,88,76,61,93,181
54,93,81,61,92,2
149,87,76,61,92,182
56,93,81,61,91,4
149,87,76,61,91,184
57,94,82,61,90,5
149,86,76,61,90,185
58,94,82,61,89,6
149,86,76,61,89,186
60,95,82,61,88,7
149,85,76,61,88,187
61,95,82,61,87,8
149,85,75,61,87,188
62,96,83,61,86,9
149,84,75,61,86,189
63,96,83,62,85,10
149,84,76,62,85,190
65,97,84,62,84,12
150,83,76,62,84,192
66,97,84,62,83,13
150,83,75,62,83,193
67,98,85,62,82,14
150,82,75,62,82,194
68,98,85,62,81,15
150,82,75,62,81,195
68,98,86,63,81,16
150,82,75,63,81,196
70,99,87,63,80,18
151,81,75,63,80,198
71,99,87,63,79,19
151,81,75,63,79,199
72,100,88,63,78,20
151,80,75,63,78,200
73,100,89,64,77,21
151,80,75,64,77,201
74,100,89,64,76,22
151,80,75,64,76,202
76,101,90,64,75,24
152,79,75,64,75,204
77,101,91,65,74,25
152,79,75,65,74,205
78,101,92,65,73,26
152,79,75,65,73,206
78,101,92,66,73,27
153,79,76,66,73,207
80,102,94,66,72,29
153,78,76,66,72,209
81,102,95,67,71,30
154,78,76,67,71,210
82,102,96,67,70,31
154,78,76,67,70,211
82,102,96,68,69,32
154,78,76,68,69,212
84,103,98,68,68,34
155,77,76,68,68,214
84,103,98,69,68,35
156,77,77,69,68,215
85,103,99,69,67,36
156,77,77,69,67,216
86,103,100,70,66,37
156,77,78,70,66,217
87,103,101,70,65,38
157,77,78,70,65,218
88,103,101,71,65,40
158,77,79,71,65,220
89,103,102,71,64,41
158,77,79,71,64,221
89,103,103,72,63,42
159,77,80,72,63,222
90,103,104,73,62,43
159,77,80,73,62,223
91,103,104,73,62,45
161,77,81,73,62,225
91,103,105,74,61,46
161,77,82,74,61,226
92,103,106,75,60,47
162,77,83,75,60,227
92,103,106,75,60,48
162,77,83,75,60,228
93,103,106,76,59,49
163,77,84,76,59,229
93,103,107,77,58,51
165,77,85,77,58,231
94,102,107,78,58,52
165,78,86,78,58,232
94,103,108,78,57,53
166,77,87,78,57,233
94,102,107,79,57,54
167,78,87,79,57,234
95,102,108,80,56,55
168,78,88,80,56,235
95,102,108,81,56,57
169,78,90,81,56,237
95,101,108,82,55,58
170,79,90,82,55,238
96,101,108,82,55,59
171,79,91,82,55,239
96,101,109,83,54,60
172,79,92,83,54,240
96,100,108,84,54,61
173,80,93,84,54,241
96,100,109,85,53,62
174,80,93,85,53,242
96,100,109,86,53,63
175,80,94,86,53,243
97,99,109,87,52,64
176,81,95,87,52,244
97,99,109,88,52,66
178,81,96,88,52,246
97,99,109,88,51,67
178,81,96,88,51,247
97,98,109,89,51,68
179,82,97,89,51,248
97,98,109,90,51,69
181,82,97,90,51,249
98,97,109,91,50,70
182,83,98,91,50,250
98,97,109,92,50,71
183,83,98,92,50,251
98,96,110,93,49,72
184,84,99,93,49,252
98,96,109,94,49,73
185,84,99,94,49,253
98,95,109,95,49,74
186,85,100,95,49,254
98,95,109,96,49,75
187,85,100,96,49,255
98,94,110,97,48,76
188,86,100,97,48,256
98,94,110,98,48,77
189,86,101,98,48,257
98,93,110,99,48,78
191,87,101,99,48,258
98,93,109,100,48,79
192,87,101,100,48,259
98,92,110,101,47,80
193,88,102,101,47,260
97,92,110,102,47,81
194,88,102,102,47,261
97,91,110,103,47,82
195,89,102,103,47,262
97,91,110,104,47,83
196,89,102,104,47,263
97,90,110,105,47,84
197,90,102,105,47,264
97,90,110,106,47,85
199,90,102,106,47,265
97,89,110,108,47,86
200,91,102,108,47,266
97,88,110,109,47,87
0,92,102,109,47,267
97,88,110,110,47,88
1,92,102,110,47,268
97,87,111,111,46,89
3,93,102,111,46,269
97,87,111,112,46,90
4,93,102,112,46,270
97,86,111,113,46,91
5,94,101,113,46,271
97,85,111,114,46,92
6,95,101,114,46,272
96,85,111,115,47,93
7,95,101,115,47,273
96,84,111,116,47,94
9,96,100,116,47,274
96,84,112,117,47,95
10,96,100,117,47,275
96,83,112,118,47,96
11,97,100,118,47,276
96,83,112,120,47,96
12,97,99,120,47,276
96,82,113,121,47,97
13,98,99,121,47,277
96,82,113,122,47,98
14,98,98,122,47,278
95,81,113,123,47,99
15,99,98,123,47,279
95,81,114,124,47,100
16,99,97,124,47,280
95,80,114,125,48,101
17,100,96,125,48,281
95,80,114,126,48,102
19,100,95,126,48,282
95,79,115,127,48,103
20,101,95,127,48,283
95,79,115,128,48,103
20,101,94,128,48,283
95,78,115,129,49,104
21,102,93,129,49,284
95,78,116,131,49,105
23,102,92,131,49,285
95,77,117,132,49,106
24,103,91,132,49,286
95,77,117,133,50,107
25,103,90,133,50,287
95,76,117,134,50,108
26,104,88,134,50,288
95,76,118,135,50,109
27,104,87,135,50,289
94,76,118,136,51,109
27,104,86,136,51,289
94,75,118,137,51,110
28,105,85,137,51,290
94,75,119,138,51,111
30,105,84,138,51,291
94,74,119,139,52,112
31,106,82,139,52,292
94,74,120,140,52,113
32,106,80,140,52,293
95,74,120,141,53,114
33,106,79,141,53,294
94,73,122,143,53,114
33,107,77,143,53,294
94,73,122,144,54,115
34,107,75,144,54,295
94,72,123,145,54,116
35,108,73,145,54,296
94,72,123,146,55,117
36,108,71,146,55,297
94,72,124,147,55,118
37,108,69,147,55,298
94,72,124,148,56,118
37,108,68,148,56,298
94,71,125,149,56,119
38,109,66,149,56,299
95,71,124,150,57,120
39,109,64,150,57,300
95,71,125,151,57,121
40,109,62,151,57,301
95,71,125,152,58,122
41,109,60,152,58,302
96,70,125,153,59,123
42,110,59,153,59,303
95,70,126,154,59,123
42,110,57,154,59,303
96,70,126,155,60,124
43,110,56,155,60,304
96,70,127,156,60,125
44,110,54,156,60,305
96,70,126,157,61,126
44,110,52,157,61,306
97,70,126,158,62,127
45,110,51,158,62,307
97,70,125,159,63,127
45,110,50,159,63,307
97,70,125,159,63,128
46,110,50,159,63,308
98,70,124,160,64,129
46,110,49,160,64,309
98,70,123,161,65,130
47,110,49,161,65,310
99,70,123,162,65,131
48,110,47,162,65,311
99,70,122,163,66,132
48,110,46,163,66,312
99,70,122,164,67,132
48,110,46,164,67,312
100,70,120,165,68,133
49,110,45,165,68,313
101,70,119,166,69,134
49,110,45,166,69,314
101,70,118,166,69,135
49,110,45,166,69,315
102,70,116,167,70,136
50,110,45,167,70,316
103,70,114,168,71,137
50,110,45,168,71,317
103,70,114,169,72,137
50,110,45,169,72,317
104,70,112,170,73,138
50,110,44,170,73,318
105,71,111,170,73,139
51,109,45,170,73,319
106,71,109,171,74,140
51,109,45,171,74,320
106,71,107,172,75,141
51,109,45,172,75,321
107,71,105,173,76,142
51,109,45,173,76,322
108,72,103,173,77,142
51,108,46,173,77,322
109,72,101,174,78,143
51,108,46,174,78,323
110,72,100,175,79,144
51,108,46,175,79,324
111,73,97,175,80,145
51,107,47,175,80,325
112,73,96,176,81,146
51,107,47,176,81,326
113,73,94,177,82,147
51,107,47,177,82,327
114,74,93,177,82,148
51,106,48,177,82,328
115,74,91,178,83,149
51,106,48,178,83,329
116,75,89,178,84,150
51,105,49,178,84,330
116,75,89,179,85,150
51,105,48,179,85,330
118,75,87,179,86,151
51,105,49,179,86,331
119,76,86,180,87,152
51,104,49,180,87,332
120,76,85,181,88,153
51,104,49,181,88,333
121,77,84,181,89,154
51,103,50,181,89,334
122,77,82,181,90,155
51,103,51,181,90,335
124,78,81,182,91,156
51,102,51,182,91,336
125,79,80,182,92,157
50,101,51,182,92,337
126,79,80,183,93,158
50,101,51,183,93,338
127,80,79,183,94,159
50,100,52,183,94,339
129,80,78,184,95,160
50,100,51,184,95,340
130,81,77,184,96,161
50,99,52,184,96,341
131,82,77,184,97,162
50,98,52,184,97,342
133,82,76,185,98,163
49,98,52,185,98,343
134,83,76,185,99,164
49,97,52,185,99,344
135,84,75,185,100,165
49,96,52,185,100,345
137,84,75,186,101,166
49,96,52,186,101,346
138,85,74,186,102,167
49,95,52,186,102,347
139,86,74,186,103,168
48,94,52,186,103,348
141,86,74,186,104,169
48,94,53,186,104,349
142,87,74,186,105,170
48,93,53,186,105,350
143,88,73,187,106,171
48,92,52,187,106,351
145,89,73,187,107,172
47,91,52,187,107,352
146,89,73,187,108,173
47,91,52,187,108,353
147,90,73,187,109,174
47,90,52,187,109,354
149,91,73,187,110,175
47,89,52,187,110,355
150,91,73,187,111,176
46,89,52,187,111,356
151,92,73,187,112,177
46,88,52,187,112,357
153,93,73,187,113,178
46,87,52,187,113,358
46,86,129,187,114,0
155,94,106,187,114,180
46,85,129,187,115,1
157,95,106,187,115,181
45,85,129,187,116,2
158,95,106,187,116,182
45,84,130,187,117,3
159,96,105,187,117,183
45,83,130,187,118,4
161,97,105,187,118,184
44,82,130,187,119,5
162,98,105,187,119,185
44,82,131,187,120,6
164,98,104,187,120,186
44,81,132,187,121,8
166,99,103,187,121,188
44,80,132,187,122,9
167,100,102,187,122,189
43,79,133,187,123,10
169,101,102,187,123,190
43,78,133,187,124,11
170,102,101,187,124,191
43,78,134,186,125,12
171,102,100,186,125,192
43,77,134,186,126,13
173,103,99,186,126,193
42,76,136,186,127,15
175,104,97,186,127,195
42,75,137,186,128,16
177,105,95,186,128,196
42,75,137,185,129,17
178,105,94,185,129,197
42,74,138,185,130,18
179,106,92,185,130,198
41,73,139,185,131,19
181,107,90,185,131,199
41,72,141,185,132,21
183,108,86,185,132,201
41,72,141,184,132,22
184,108,85,184,132,202
41,72,143,184,133,23
185,108,82,184,133,203
41,71,143,183,134,24
187,109,79,183,134,204
41,70,146,183,135,26
189,110,74,183,135,206
41,70,148,183,136,27
191,110,70,183,136,207
41,69,149,182,137,28
192,111,66,182,137,208
40,69,151,182,138,29
193,111,62,182,138,209
41,68,151,181,138,30
194,112,60,181,138,210
41,68,154,181,139,32
196,112,52,181,139,212
40,68,154,180,140,32
196,112,51,180,140,212
115,90,86,108,114,116
15,90,85,108,114,296
114,89,86,109,114,116
15,91,85,109,114,296
114,89,85,110,115,116
15,91,84,110,115,296
114,89,85,110,115,116
15,91,84,110,115,296
114,89,85,111,116,116
15,91,84,111,116,296
114,89,85,112,116,116
16,91,84,112,116,296
114,89,85,113,117,116
16,91,83,113,117,296
113,89,85,114,117,116
16,91,83,114,117,296
113,88,85,115,117,116
16,92,83,115,117,296
113,88,84,116,118,116
17,92,82,116,118,296
113,88,84,117,118,116
17,92,82,117,118,296
113,88,84,118,119,116
17,92,82,118,119,296
112,87,84,119,119,116
17,93,81,119,119,296
112,88,84,119,120,116
17,92,81,119,120,296
112,87,84,120,120,116
17,93,81,120,120,296
112,87,84,121,120,116
18,93,81,121,120,296
112,87,83,122,121,116
18,93,80,122,121,296
111,87,83,123,121,116
18,93,80,123,121,296
111,87,83,124,122,116
18,93,79,124,122,296
111,86,83,125,122,116
19,94,79,125,122,296
111,86,83,126,123,116
19,94,78,126,123,296
110,86,83,127,123,116
19,94,78,127,123,296
110,86,83,127,123,116
19,94,78,127,123,296
110,86,83,128,124,116
19,94,77,128,124,296
110,86,83,129,124,116
20,94,77,129,124,296
110,85,82,130,125,116
20,95,76,130,125,296
110,85,82,131,125,116
20,95,76,131,125,296
109,85,82,132,126,116
20,95,75,132,126,296
109,85,82,133,126,116
20,95,75,133,126,296
109,85,82,134,126,116
21,95,75,134,126,296
109,84,82,135,127,116
21,96,74,135,127,296
108,84,82,136,127,116
21,96,74,136,127,296
109,84,82,136,128,116
21,96,73,136,128,296
108,84,82,137,128,116
21,96,73,137,128,296
108,84,82,138,129,116
21,96,72,138,129,296
108,84,82,139,129,116
22,96,72,139,129,296
108,83,82,140,129,116
22,97,71,140,129,296
107,83,82,141,130,116
22,97,71,141,130,296
107,83,82,142,130,116
22,97,70,142,130,296
107,83,81,143,131,116
23,97,70,143,131,296
107,83,82,144,131,116
23,97,69,144,131,296
107,83,81,144,132,116
23,97,69,144,132,296
106,82,81,145,132,116
23,98,68,145,132,296
106,82,81,146,132,116
23,98,68,146,132,296
106,82,81,147,133,116
24,98,67,147,133,296
106,82,81,148,133,116
24,98,67,148,133,296
106,82,81,149,134,116
24,98,66,149,134,296
105,81,81,150,134,116
24,99,65,150,134,296
105,81,81,151,135,116
24,99,64,151,135,296
105,81,81,152,135,116
25,99,64,152,135,296
104,81,82,153,135,116
25,99,63,153,135,296
105,81,81,153,136,116
25,99,63,153,136,296
104,81,81,154,136,116
25,99,62,154,136,296
104,80,81,155,137,116
25,100,62,155,137,296
104,80,81,156,137,116
26,100,61,156,137,296
104,80,81,157,138,116
26,100,60,157,138,296
103,80,82,158,138,116
26,100,59,158,138,296
46,86,93,108,114,0
155,94,91,108,114,180
46,86,93,108,114,1
156,94,91,108,114,181
47,86,93,108,114,2
156,94,91,108,114,182
47,86,93,108,114,3
157,94,91,108,114,183
48,86,93,108,114,4
158,94,91,108,114,184
48,86,93,108,114,5
158,94,91,108,114,185
49,86,93,108,114,6
159,94,91,108,114,186
49,86,93,108,114,7
159,94,91,108,114,187
50,86,93,108,114,8
160,94,91,108,114,188
50,86,93,108,114,9
161,94,91,108,114,189
51,86,93,108,114,10
161,94,91,108,114,190
51,86,93,108,114,11
162,94,90,108,114,191
52,86,93,108,114,12
162,94,90,108,114,192
53,86,92,108,114,13
163,94,90,108,114,193
53,86,92,108,114,14
164,94,90,108,114,194
54,86,92,108,114,15
164,94,90,108,114,195
54,86,92,108,114,16
165,94,90,108,114,196
55,85,92,108,114,17
165,95,90,108,114,197
55,85,92,108,114,18
166,95,90,108,114,198
56,85,92,108,114,19
166,95,90,108,114,199
56,85,92,108,114,20
167,95,90,108,114,200
57,85,92,108,114,21
168,95,90,108,114,201
57,85,92,108,114,22
168,95,90,108,114,202
58,85,92,108,114,23
169,95,89,108,114,203
58,85,92,108,114,24
169,95,89,108,114,204
59,85,92,108,114,25
170,95,89,108,114,205
60,85,91,108,114,26
170,95,89,108,114,206
60,85,91,108,114,27
171,95,89,108,114,207
61,85,91,108,114,28
172,95,89,108,114,208
61,85,91,108,114,29
172,95,89,108,114,209
62,85,91,108,114,30
173,95,89,108,114,210
62,85,91,108,114,31
173,95,89,108,114,211
63,85,91,108,114,32
174,95,89,108,114,212
64,85,91,108,114,33
174,95,89,108,114,213
64,85,91,108,114,34
175,95,89,108,114,214
65,85,91,108,114,35
175,95,88,108,114,215
65,85,91,108,114,36
176,95,88,108,114,216
66,85,91,108,114,37
177,95,88,108,114,217
66,85,90,108,114,38
177,95,88,108,114,218
67,85,90,108,114,39
178,95,88,108,114,219
67,85,90,108,114,40
178,95,88,108,114,220
68,85,90,108,114,41
179,95,88,108,114,221
69,85,90,108,114,42
179,95,88,108,114,222
69,85,90,108,114,43
180,95,88,108,114,223
70,86,90,108,114,44
180,94,88,108,114,224
70,86,90,108,114,45
181,94,88,108,114,225
71,86,90,108,114,46
181,94,88,108,114,226
72,86,90,108,114,47
182,94,88,108,114,227
72,86,90,108,114,48
182,94,87,108,114,228
73,86,90,108,114,49
183,94,87,108,114,229
73,86,89,108,114,50
184,94,87,108,114,230
74,86,89,108,114,51
184,94,87,108,114,231
74,86,89,108,114,52
185,94,87,108,114,232
75,86,89,108,114,53
185,94,87,108,114,233
76,86,89,108,114,54
186,94,87,108,114,234
76,86,89,108,114,55
186,94,87,108,114,235
77,86,89,108,114,56
187,94,87,108,114,236
77,86,89,108,114,57
187,94,87,108,114,237
78,86,89,108,114,58
188,94,87,108,114,238
79,86,89,108,114,59
188,94,87,108,114,239
79,86,89,108,114,60
189,94,87,108,114,240
80,86,88,108,114,61
189,94,87,108,114,241
80,86,88,108,114,62
190,94,87,108,114,242
81,86,88,108,114,63
190,94,87,108,114,243
82,86,88,108,114,64
191,94,86,108,114,244
82,86,88,108,114,65
191,94,86,108,114,245
83,86,88,108,114,66
192,94,86,108,114,246
84,86,88,108,114,67
192,94,86,108,114,247
84,86,88,108,114,68
193,94,86,108,114,248
85,86,88,108,114,69
193,94,86,108,114,249
85,86,88,108,114,70
194,94,86,108,114,250
86,87,88,108,114,71
194,93,86,108,114,251
87,87,88,108,114,72
195,93,86,108,114,252
87,87,88,108,114,73
195,93,86,108,114,253
88,87,87,108,114,74
196,93,86,108,114,254
88,87,87,108,114,75
196,93,86,108,114,255
89,87,87,108,114,76
197,93,86,108,114,256
90,87,87,108,114,77
197,93,86,108,114,257
90,87,87,108,114,78
198,93,86,108,114,258
91,87,87,108,114,79
198,93,86,108,114,259
92,87,87,108,114,80
199,93,86,108,114,260
92,87,87,108,114,81
199,93,86,108,114,261
93,87,87,108,114,82
200,93,86,108,114,262
94,87,87,108,114,83
200,93,86,108,114,263
94,87,87,108,114,84
0,93,86,108,114,264
95,87,87,108,114,85
0,93,86,108,114,265
95,87,87,108,114,86
1,93,86,108,114,266
96,88,87,108,114,87
1,92,85,108,114,267
97,88,87,108,114,88
2,92,85,108,114,268
97,88,87,108,114,89
2,92,85,108,114,269
98,88,87,108,114,90
3,92,85,108,114,270
99,88,86,108,114,91
3,92,85,108,114,271
99,88,86,108,114,92
4,92,85,108,114,272
100,88,86,108,114,93
4,92,85,108,114,273
100,88,86,108,114,94
4,92,85,108,114,274
101,88,86,108,114,95
5,92,85,108,114,275
102,88,86,108,114,96
5,92,85,108,114,276
102,88,86,108,114,97
6,92,85,108,114,277
103,88,86,108,114,98
6,92,85,108,114,278
104,88,86,108,114,99
7,92,85,108,114,279
104,88,86,108,114,100
7,92,85,108,114,280
105,89,86,108,114,101
8,91,85,108,114,281
106,89,86,108,114,102
8,91,85,108,114,282
106,89,86,108,114,103
9,91,85,108,114,283
107,89,86,108,114,104
9,91,85,108,114,284
108,89,86,108,114,105
10,91,85,108,114,285
108,89,86,108,114,106
10,91,85,108,114,286
109,89,86,108,114,107
11,91,85,108,114,287
109,89,86,108,114,108
11,91,85,108,114,288
110,89,86,108,114,109
12,91,85,108,114,289
111,89,86,108,114,110
12,91,85,108,114,290
111,89,86,108,114,111
13,91,85,108,114,291
112,89,86,108,114,112
13,91,85,108,114,292
113,89,86,108,114,113
13,91,85,108,114,293
113,90,86,108,114,114
14,90,85,108,114,294
114,90,86,108,114,115
14,90,85,108,114,295
115,90,86,108,114,116
15,90,85,108,114,296
115,90,86,108,114,117
15,90,85,108,114,297
116,90,86,108,114,118
16,90,85,108,114,298
117,90,86,108,114,119
16,90,85,108,114,299
117,90,86,108,114,120
17,90,85,108,114,300
118,90,86,108,114,121
17,90,85,108,114,301
119,90,86,108,114,122
18,90,85,108,114,302
119,90,86,108,114,123
18,90,85,108,114,303
120,90,86,108,114,124
19,90,85,108,114,304
121,90,86,108,114,125
19,90,85,108,114,305
121,91,86,108,114,126
20,89,85,108,114,306
122,91,86,108,114,127
20,89,85,108,114,307
122,91,86,108,114,128
20,89,85,108,114,308
123,91,86,108,114,129
21,89,85,108,114,309
124,91,86,108,114,130
21,89,85,108,114,310
124,91,86,108,114,131
22,89,85,108,114,311
125,91,86,108,114,132
22,89,85,108,114,312
126,91,86,108,114,133
23,89,85,108,114,313
126,91,86,108,114,134
23,89,85,108,114,314
127,91,86,108,114,135
24,89,85,108,114,315
128,91,86,108,114,136
24,89,85,108,114,316
128,91,86,108,114,137
25,89,85,108,114,317
129,91,86,108,114,138
25,89,85,108,114,318
130,92,86,108,114,139
26,88,85,108,114,319
130,92,86,108,114,140
26,88,85,108,114,320
131,92,86,108,114,141
27,88,85,108,114,321
131,92,86,108,114,142
27,88,85,108,114,322
132,92,86,108,114,143
28,88,85,108,114,323
133,92,86,108,114,144
28,88,85,108,114,324
133,92,86,108,114,145
29,88,85,108,114,325
134,92,86,108,114,146
29,88,85,108,114,326
135,92,86,108,114,147
29,88,85,108,114,327
135,92,86,108,114,148
30,88,85,108,114,328
136,92,86,108,114,149
30,88,85,108,114,329
137,92,87,108,114,150
31,88,85,108,114,330
137,92,87,108,114,151
31,88,85,108,114,331
138,92,87,108,114,152
32,88,85,108,114,332
139,93,87,108,114,153
32,87,85,108,114,333
139,93,87,108,114,154
33,87,86,108,114,334
140,93,87,108,114,155
33,87,86,108,114,335
140,93,87,108,114,156
34,87,86,108,114,336
141,93,87,108,114,157
34,87,86,108,114,337
142,93,87,108,114,158
35,87,86,108,114,338
142,93,87,108,114,159
35,87,86,108,114,339
143,93,87,108,114,160
36,87,86,108,114,340
144,93,87,108,114,161
36,87,86,108,114,341
144,93,87,108,114,162
37,87,86,108,114,342
145,93,87,108,114,163
37,87,86,108,114,343
145,93,87,108,114,164
38,87,86,108,114,344
146,93,87,108,114,165
38,87,86,108,114,345
147,93,88,108,114,166
39,87,86,108,114,346
147,93,88,108,114,167
39,87,86,108,114,347
148,93,88,108,114,168
40,87,86,108,114,348
149,94,88,108,114,169
40,86,86,108,114,349
149,94,88,108,114,170
41,86,86,108,114,350
150,94,88,108,114,171
41,86,86,108,114,351
150,94,88,108,114,172
42,86,86,108,114,352
151,94,88,108,114,173
42,86,86,108,114,353
152,94,88,108,114,174
43,86,86,108,114,354
152,94,88,108,114,175
43,86,86,108,114,355
153,94,88,108,114,176
44,86,86,108,114,356
153,94,88,108,114,177
44,86,87,108,114,357
154,94,88,108,114,178
45,86,87,108,114,358
155,94,89,108,114,179
45,86,87,108,114,359
46,86,93,108,114,0
155,94,91,108,114,180
46,86,93,108,114,1
156,94,91,108,114,181
47,86,93,108,114,2
156,94,91,108,114,182
47,86,93,108,114,3
157,94,91,108,114,183
48,86,93,108,114,4
158,94,91,108,114,184
48,86,93,108,114,5
158,94,91,108,114,185
49,86,93,108,114,6
159,94,91,108,114,186
49,86,93,108,114,7
159,94,91,108,114,187
50,86,93,108,114,8
160,94,91,108,114,188
50,86,93,108,114,9
161,94,91,108,114,189
51,86,93,108,114,10
161,94,91,108,114,190
51,86,93,108,114,11
162,94,90,108,114,191
52,86,93,108,114,12
162,94,90,108,114,192
53,86,92,108,114,13
163,94,90,108,114,193
53,86,92,108,114,14
164,94,90,108,114,194
54,86,92,108,114,15
164,94,90,108,114,195
54,86,92,108,114,16
165,94,90,108,114,196
55,85,92,108,114,17
165,95,90,108,114,197
55,85,92,108,114,18
166,95,90,108,114,198
56,85,92,108,114,19
166,95,90,108,114,199
56,85,92,108,114,20
167,95,90,108,114,200
57,85,92,108,114,21
168,95,90,108,114,201
57,85,92,108,114,22
168,95,90,108,114,202
58,85,92,108,114,23
169,95,89,108,114,203
58,85,92,108,114,24
169,95,89,108,114,204
59,85,92,108,114,25
170,95,89,108,114,205
60,85,91,108,114,26
170,95,89,108,114,206
60,85,91,108,114,27
171,95,89,108,114,207
61,85,91,108,114,28
172,95,89,108,114,208
61,85,91,108,114,29
172,95,89,108,114,209
62,85,91,108,114,30
173,95,89,108,114,210
62,85,91,108,114,31
173,95,89,108,114,211
63,85,91,108,114,32
174,95,89,108,114,212
64,85,91,108,114,33
174,95,89,108,114,213
64,85,91,108,114,34
175,95,89,108,114,214
65,85,91,108,114,35
175,95,88,108,114,215
65,85,91,108,114,36
176,95,88,108,114,216
66,85,91,108,114,37
177,95,88,108,114,217
66,85,90,108,114,38
177,95,88,108,114,218
67,85,90,108,114,39
178,95,88,108,114,219
67,85,90,108,114,40
178,95,88,108,114,220
68,85,90,108,114,41
179,95,88,108,114,221
69,85,90,108,114,42
179,95,88,108,114,222
69,85,90,108,114,43
180,95,88,108,114,223
70,86,90,108,114,44
180,94,88,108,114,224
70,86,90,108,114,45
181,94,88,108,114,225
71,86,90,108,114,46
181,94,88,108,114,226
72,86,90,108,114,47
182,94,88,108,114,227
72,86,90,108,114,48
182,94,87,108,114,228
73,86,90,108,114,49
183,94,87,108,114,229
73,86,89,108,114,50
184,94,87,108,114,230
74,86,89,108,114,51
184,94,87,108,114,231
74,86,89,108,114,52
185,94,87,108,114,232
75,86,89,108,114,53
185,94,87,108,114,233
76,86,89,108,114,54
186,94,87,108,114,234
76,86,89,108,114,55
186,94,87,108,114,235
77,86,89,108,114,56
187,94,87,108,114,236
77,86,89,108,114,57
187,94,87,108,114,237
78,86,89,108,114,58
188,94,87,108,114,238
79,86,89,108,114,59
188,94,87,108,114,239
79,86,89,108,114,60
189,94,87,108,114,240
80,86,88,108,114,61
189,94,87,108,114,241
80,86,88,108,114,62
190,94,87,108,114,242
81,86,88,108,114,63
190,94,87,108,114,243
82,86,88,108,114,64
191,94,86,108,114,244
82,86,88,108,114,65
191,94,86,108,114,245
83,86,88,108,114,66
192,94,86,108,114,246
84,86,88,108,114,67
192,94,86,108,114,247
84,86,88,108,114,68
193,94,86,108,114,248
85,86,88,108,114,69
193,94,86,108,114,249
85,86,88,108,114,70
194,94,86,108,114,250
86,87,88,108,114,71
194,93,86,108,114,251
87,87,88,108,114,72
195,93,86,108,114,252
87,87,88,108,114,73
195,93,86,108,114,253
88,87,87,108,114,74
196,93,86,108,114,254
88,87,87,108,114,75
196,93,86,108,114,255
89,87,87,108,114,76
197,93,86,108,114,256
90,87,87,108,114,77
197,93,86,108,114,257
90,87,87,108,114,78
198,93,86,108,114,258
91,87,87,108,114,79
198,93,86,108,114,259
92,87,87,108,114,80
199,93,86,108,114,260
92,87,87,108,114,81
199,93,86,108,114,261
93,87,87,108,114,82
200,93,86,108,114,262
94,87,87,108,114,83
200,93,86,108,114,263
94,87,87,108,114,84
0,93,86,108,114,264
95,87,87,108,114,85
0,93,86,108,114,265
95,87,87,108,114,86
1,93,86,108,114,266
96,88,87,108,114,87
1,92,85,108,114,267
97,88,87,108,114,88
2,92,85,108,114,268
97,88,87,108,114,89
2,92,85,108,114,269
98,88,87,108,114,90
3,92,85,108,114,270
99,88,86,108,114,91
3,92,85,108,114,271
99,88,86,108,114,92
4,92,85,108,114,272
100,88,86,108,114,93
4,92,85,108,114,273
100,88,86,108,114,94
4,92,85,108,114,274
101,88,86,108,114,95
5,92,85,108,114,275
102,88,86,108,114,96
5,92,85,108,114,276
102,88,86,108,114,97
6,92,85,108,114,277
103,88,86,108,114,98
6,92,85,108,114,278
104,88,86,108,114,99
7,92,85,108,114,279
104,88,86,108,114,100
7,92,85,108,114,280
105,89,86,108,114,101
8,91,85,108,114,281
106,89,86,108,114,102
8,91,85,108,114,282
106,89,86,108,114,103
9,91,85,108,114,283
107,89,86,108,114,104
9,91,85,108,114,284
108,89,86,108,114,105
10,91,85,108,114,285
108,89,86,108,114,106
10,91,85,108,114,286
109,89,86,108,114,107
11,91,85,108,114,287
109,89,86,108,114,108
11,91,85,108,114,288
110,89,86,108,114,109
12,91,85,108,114,289
111,89,86,108,114,110
12,91,85,108,114,290
111,89,86,108,114,111
13,91,85,108,114,291
112,89,86,108,114,112
13,91,85,108,114,292
113,89,86,108,114,113
13,91,85,108,114,293
113,90,86,108,114,114
14,90,85,108,114,294
114,90,86,108,114,115
14,90,85,108,114,295
115,90,86,108,114,116
15,90,85,108,114,296
115,90,86,108,114,117
15,90,85,108,114,297
116,90,86,108,114,118
16,90,85,108,114,298
117,90,86,108,114,119
16,90,85,108,114,299
117,90,86,108,114,120
17,90,85,108,114,300
118,90,86,108,114,121
17,90,85,108,114,301
119,90,86,108,114,122
18,90,85,108,114,302
119,90,86,108,114,123
18,90,85,108,114,303
120,90,86,108,114,124
19,90,85,108,114,304
121,90,86,108,114,125
19,90,85,108,114,305
121,91,86,108,114,126
20,89,85,108,114,306
122,91,86,108,114,127
20,89,85,108,114,307
122,91,86,108,114,128
20,89,85,108,114,308
123,91,86,108,114,129
21,89,85,108,114,309
124,91,86,108,114,130
21,89,85,108,114,310
124,91,86,108,114,131
22,89,85,108,114,311
125,91,86,108,114,132
22,89,85,108,114,312
126,91,86,108,114,133
23,89,85,108,114,313
126,91,86,108,114,134
23,89,85,108,114,314
127,91,86,108,114,135
24,89,85,108,114,315
128,91,86,108,114,136
24,89,85,108,114,316
128,91,86,108,114,137
25,89,85,108,114,317
129,91,86,108,114,138
25,89,85,108,114,318
130,92,86,108,114,139
26,88,85,108,114,319
130,92,86,108,114,140
26,88,85,108,114,320
131,92,86,108,114,141
27,88,85,108,114,321
131,92,86,108,114,142
27,88,85,108,114,322
132,92,86,108,114,143
28,88,85,108,114,323
133,92,86,108,114,144
28,88,85,108,114,324
133,92,86,108,114,145
29,88,85,108,114,325
134,92,86,108,114,146
29,88,85,108,114,326
135,92,86,108,114,147
29,88,85,108,114,327
135,92,86,108,114,148
30,88,85,108,114,328
136,92,86,108,114,149
30,88,85,108,114,329
137,92,87,108,114,150
31,88,85,108,114,330
137,92,87,108,114,151
31,88,85,108,114,331
138,92,87,108,114,152
32,88,85,108,114,332
139,93,87,108,114,153
32,87,85,108,114,333
139,93,87,108,114,154
33,87,86,108,114,334
140,93,87,108,114,155
33,87,86,108,114,335
140,93,87,108,114,156
34,87,86,108,114,336
141,93,87,108,114,157
34,87,86,108,114,337
142,93,87,108,114,158
35,87,86,108,114,338
142,93,87,108,114,159
35,87,86,108,114,339
143,93,87,108,114,160
36,87,86,108,114,340
144,93,87,108,114,161
36,87,86,108,114,341
144,93,87,108,114,162
37,87,86,108,114,342
145,93,87,108,114,163
37,87,86,108,114,343
145,93,87,108,114,164
38,87,86,108,114,344
146,93,87,108,114,165
38,87,86,108,114,345
147,93,88,108,114,166
39,87,86,108,114,346
147,93,88,108,114,167
39,87,86,108,114,347
148,93,88,108,114,168
40,87,86,108,114,348
149,94,88,108,114,169
40,86,86,108,114,349
149,94,88,108,114,170
41,86,86,108,114,350
150,94,88,108,114,171
41,86,86,108,114,351
150,94,88,108,114,172
42,86,86,108,114,352
151,94,88,108,114,173
42,86,86,108,114,353
152,94,88,108,114,174
43,86,86,108,114,354
152,94,88,108,114,175
43,86,86,108,114,355
153,94,88,108,114,176
44,86,86,108,114,356
153,94,88,108,114,177
44,86,87,108,114,357
154,94,88,108,114,178
45,86,87,108,114,358
155,94,89,108,114,179
45,86,87,108,114,359
131,90,76,158,138,146
32,90,62,158,138,326
132,90,75,158,139,146
31,90,62,158,139,326
132,90,75,159,140,146
31,90,61,159,140,326
132,90,75,159,140,146
31,90,61,159,140,326
132,90,75,160,141,146
31,90,60,160,141,326
132,90,75,161,142,146
31,90,60,161,142,326
132,90,75,161,143,146
31,90,59,161,143,326
132,91,75,162,144,146
31,89,58,162,144,326
132,91,75,162,144,146
31,89,58,162,144,326
132,91,74,163,145,146
31,89,58,163,145,326
133,91,74,163,146,146
30,89,57,163,146,326
133,91,74,164,147,146
30,89,57,164,147,326
38,79,121,158,138,0
163,101,97,158,138,180
38,79,121,158,138,1
164,101,97,158,138,181
38,78,121,158,138,2
165,102,96,158,138,182
38,78,122,158,138,3
166,102,96,158,138,183
39,78,122,158,138,4
167,102,95,158,138,184
39,78,122,158,138,5
168,102,95,158,138,185
39,77,122,158,138,6
169,103,94,158,138,186
39,77,122,158,138,7
170,103,94,158,138,187
40,77,123,158,138,8
170,103,93,158,138,188
40,77,123,158,138,9
171,103,92,158,138,189
40,76,123,158,138,10
172,104,92,158,138,190
40,76,123,158,138,11
173,104,91,158,138,191
40,76,123,158,138,12
174,104,90,158,138,192
41,76,124,158,138,13
175,104,90,158,138,193
41,75,124,158,138,14
176,105,89,158,138,194
41,75,124,158,138,15
177,105,88,158,138,195
41,75,124,158,138,16
177,105,87,158,138,196
42,75,125,158,138,17
178,105,87,158,138,197
42,74,125,158,138,18
179,106,86,158,138,198
42,74,125,158,138,19
180,106,85,158,138,199
43,74,125,158,138,20
181,106,84,158,138,200
43,74,126,158,138,21
182,106,83,158,138,201
43,73,126,158,138,22
182,107,82,158,138,202
43,73,126,158,138,23
183,107,81,158,138,203
44,73,127,158,138,24
184,107,80,158,138,204
44,73,127,158,138,25
185,107,79,158,138,205
44,73,127,158,138,26
186,107,78,158,138,206
45,72,127,158,138,27
186,108,77,158,138,207
45,72,127,158,138,28
187,108,76,158,138,208
45,72,128,158,138,29
188,108,75,158,138,209
46,72,128,158,138,30
189,108,74,158,138,210
46,72,128,158,138,31
190,108,73,158,138,211
46,72,128,158,138,32
190,108,72,158,138,212
47,72,129,158,138,33
191,108,71,158,138,213
47,71,129,158,138,34
192,109,70,158,138,214
47,71,129,158,138,35
193,109,69,158,138,215
48,71,129,158,138,36
193,109,68,158,138,216
48,71,129,158,138,37
194,109,67,158,138,217
49,71,129,158,138,38
195,109,66,158,138,218
49,71,130,158,138,39
196,109,65,158,138,219
49,71,130,158,138,40
196,109,64,158,138,220
50,71,130,158,138,41
197,109,64,158,138,221
50,70,130,158,138,42
198,110,63,158,138,222
51,70,130,158,138,43
198,110,62,158,138,223
51,70,130,158,138,44
199,110,61,158,138,224
52,70,130,158,138,45
200,110,60,158,138,225
52,70,130,158,138,46
200,110,59,158,138,226
52,70,130,158,138,47
0,110,58,158,138,227
53,70,130,158,138,48
1,110,58,158,138,228
53,70,129,158,138,49
1,110,57,158,138,229
54,70,129,158,138,50
2,110,56,158,138,230
54,70,129,158,138,51
3,110,56,158,138,231
55,70,129,158,138,52
3,110,55,158,138,232
55,70,129,158,138,53
4,110,54,158,138,233
56,70,128,158,138,54
4,110,54,158,138,234
56,70,128,158,138,55
5,110,53,158,138,235
57,70,128,158,138,56
6,110,53,158,138,236
58,70,127,158,138,57
6,110,53,158,138,237
58,70,127,158,138,58
7,110,52,158,138,238
59,70,126,158,138,59
7,110,52,158,138,239
59,70,126,158,138,60
8,110,51,158,138,240
60,70,125,158,138,61
8,110,51,158,138,241
60,70,125,158,138,62
9,110,51,158,138,242
61,70,124,158,138,63
9,110,51,158,138,243
62,70,123,158,138,64
10,110,51,158,138,244
62,70,123,158,138,65
10,110,50,158,138,245
63,70,122,158,138,66
11,110,50,158,138,246
64,70,121,158,138,67
11,110,50,158,138,247
64,70,120,158,138,68
12,110,50,158,138,248
65,70,120,158,138,69
12,110,50,158,138,249
66,70,119,158,138,70
13,110,50,158,138,250
66,70,118,158,138,71
13,110,50,158,138,251
67,70,117,158,138,72
13,110,50,158,138,252
68,71,116,158,138,73
14,109,50,158,138,253
68,71,115,158,138,74
14,109,50,158,138,254
69,71,114,158,138,75
15,109,51,158,138,255
70,71,113,158,138,76
15,109,51,158,138,256
71,71,112,158,138,77
15,109,51,158,138,257
71,71,111,158,138,78
16,109,51,158,138,258
72,71,110,158,138,79
16,109,51,158,138,259
73,71,109,158,138,80
17,109,51,158,138,260
74,72,108,158,138,81
17,108,52,158,138,261
74,72,107,158,138,82
17,108,52,158,138,262
75,72,106,158,138,83
18,108,52,158,138,263
76,72,105,158,138,84
18,108,52,158,138,264
77,72,104,158,138,85
18,108,52,158,138,265
77,72,103,158,138,86
19,108,53,158,138,266
78,73,102,158,138,87
19,107,53,158,138,267
79,73,101,158,138,88
19,107,53,158,138,268
80,73,100,158,138,89
19,107,53,158,138,269
81,73,99,158,138,90
20,107,54,158,138,270
82,73,98,158,138,91
20,107,54,158,138,271
82,74,97,158,138,92
20,106,54,158,138,272
83,74,96,158,138,93
21,106,54,158,138,273
84,74,96,158,138,94
21,106,55,158,138,274
85,74,95,158,138,95
21,106,55,158,138,275
86,74,94,158,138,96
21,106,55,158,138,276
87,75,93,158,138,97
22,105,55,158,138,277
87,75,92,158,138,98
22,105,56,158,138,278
88,75,91,158,138,99
22,105,56,158,138,279
89,75,91,158,138,100
23,105,56,158,138,280
90,76,90,158,138,101
23,104,56,158,138,281
91,76,89,158,138,102
23,104,57,158,138,282
92,76,89,158,138,103
23,104,57,158,138,283
93,76,88,158,138,104
23,104,57,158,138,284
94,77,87,158,138,105
24,103,57,158,138,285
94,77,87,158,138,106
24,103,58,158,138,286
95,77,86,158,138,107
24,103,58,158,138,287
96,77,85,158,138,108
24,103,58,158,138,288
97,78,85,158,138,109
25,102,58,158,138,289
98,78,84,158,138,110
25,102,58,158,138,290
99,78,84,158,138,111
25,102,59,158,138,291
100,79,83,158,138,112
25,101,59,158,138,292
101,79,83,158,138,113
25,101,59,158,138,293
102,79,82,158,138,114
26,101,59,158,138,294
103,79,82,158,138,115
26,101,59,158,138,295
103,80,82,158,138,116
26,100,59,158,138,296
104,80,81,158,138,117
26,100,60,158,138,297
105,80,81,158,138,118
27,100,60,158,138,298
106,81,80,158,138,119
27,99,60,158,138,299
107,81,80,158,138,120
27,99,60,158,138,300
108,81,80,158,138,121
27,99,60,158,138,301
109,82,79,158,138,122
27,98,60,158,138,302
110,82,79,158,138,123
27,98,61,158,138,303
111,82,79,158,138,124
28,98,61,158,138,304
112,83,78,158,138,125
28,97,61,158,138,305
113,83,78,158,138,126
28,97,61,158,138,306
114,83,78,158,138,127
28,97,61,158,138,307
115,84,78,158,138,128
28,96,61,158,138,308
115,84,77,158,138,129
29,96,61,158,138,309
116,84,77,158,138,130
29,96,61,158,138,310
117,85,77,158,138,131
29,95,61,158,138,311
118,85,77,158,138,132
29,95,61,158,138,312
119,85,77,158,138,133
29,95,62,158,138,313
120,86,77,158,138,134
29,94,62,158,138,314
121,86,76,158,138,135
30,94,62,158,138,315
122,86,76,158,138,136
30,94,62,158,138,316
123,87,76,158,138,137
30,93,62,158,138,317
124,87,76,158,138,138
30,93,62,158,138,318
125,87,76,158,138,139
30,93,62,158,138,319
126,88,76,158,138,140
31,92,62,158,138,320
127,88,76,158,138,141
31,92,62,158,138,321
128,88,76,158,138,142
31,92,62,158,138,322
129,89,76,158,138,143
31,91,62,158,138,323
130,89,76,158,138,144
31,91,62,158,138,324
131,89,76,158,138,145
31,91,62,158,138,325
131,90,76,158,138,146
32,90,62,158,138,326
132,90,76,158,138,147
32,90,62,158,138,327
133,90,76,158,138,148
32,90,62,158,138,328
134,91,76,158,138,149
32,89,62,158,138,329
135,91,76,158,138,150
32,89,62,158,138,330
136,91,76,158,138,151
32,89,62,158,138,331
137,92,76,158,138,152
33,88,62,158,138,332
138,92,76,158,138,153
33,88,62,158,138,333
139,93,76,158,138,154
33,87,62,158,138,334
140,93,76,158,138,155
33,87,62,158,138,335
141,93,76,158,138,156
33,87,62,158,138,336
142,94,76,158,138,157
33,86,62,158,138,337
143,94,76,158,138,158
34,86,62,158,138,338
144,94,76,158,138,159
34,86,62,158,138,339
145,95,77,158,138,160
34,85,62,158,138,340
146,95,77,158,138,161
34,85,62,158,138,341
147,95,77,158,138,162
34,85,61,158,138,342
147,96,77,158,138,163
35,84,61,158,138,343
148,96,77,158,138,164
35,84,61,158,138,344
149,96,78,158,138,165
35,84,61,158,138,345
150,97,78,158,138,166
35,83,61,158,138,346
151,97,78,158,138,167
35,83,61,158,138,347
152,97,78,158,138,168
35,83,61,158,138,348
153,98,79,158,138,169
36,82,61,158,138,349
154,98,79,158,138,170
36,82,61,158,138,350
155,98,79,158,138,171
36,82,60,158,138,351
156,98,79,158,138,172
36,82,60,158,138,352
157,99,80,158,138,173
36,81,60,158,138,353
158,99,80,158,138,174
37,81,60,158,138,354
159,99,81,158,138,175
37,81,60,158,138,355
160,100,81,158,138,176
37,80,60,158,138,356
160,100,81,158,138,177
37,80,60,158,138,357
161,100,82,158,138,178
37,80,59,158,138,358
162,101,82,158,138,179
38,79,59,158,138,359
38,79,121,158,138,0
163,101,97,158,138,180
38,79,121,158,138,1
164,101,97,158,138,181
38,78,121,158,138,2
165,102,96,158,138,182
38,78,122,158,138,3
166,102,96,158,138,183
39,78,122,158,138,4
167,102,95,158,138,184
39,78,122,158,138,5
168,102,95,158,138,185
39,77,122,158,138,6
169,103,94,158,138,186
39,77,122,158,138,7
170,103,94,158,138,187
40,77,123,158,138,8
170,103,93,158,138,188
40,77,123,158,138,9
171,103,92,158,138,189
40,76,123,158,138,10
172,104,92,158,138,190
40,76,123,158,138,11
173,104,91,158,138,191
40,76,123,158,138,12
174,104,90,158,138,192
41,76,124,158,138,13
175,104,90,158,138,193
41,75,124,158,138,14
176,105,89,158,138,194
41,75,124,158,138,15
177,105,88,158,138,195
41,75,124,158,138,16
177,105,87,158,138,196
42,75,125,158,138,17
178,105,87,158,138,197
42,74,125,158,138,18
179,106,86,158,138,198
42,74,125,158,138,19
180,106,85,158,138,199
43,74,125,158,138,20
181,106,84,158,138,200
43,74,126,158,138,21
182,106,83,158,138,201
43,73,126,158,138,22
182,107,82,158,138,202
43,73,126,158,138,23
183,107,81,158,138,203
44,73,127,158,138,24
184,107,80,158,138,204
44,73,127,158,138,25
185,107,79,158,138,205
44,73,127,158,138,26
186,107,78,158,138,206
45,72,127,158,138,27
186,108,77,158,138,207
45,72,127,158,138,28
187,108,76,158,138,208
45,72,128,158,138,29
188,108,75,158,138,209
46,72,128,158,138,30
189,108,74,158,138,210
46,72,128,158,138,31
190,108,73,158,138,211
46,72,128,158,138,32
190,108,72,158,138,212
47,72,129,158,138,33
191,108,71,158,138,213
47,71,129,158,138,34
192,109,70,158,138,214
47,71,129,158,138,35
193,109,69,158,138,215
48,71,129,158,138,36
193,109,68,158,138,216
48,71,129,158,138,37
194,109,67,158,138,217
49,71,129,158,138,38
195,109,66,158,138,218
49,71,130,158,138,39
196,109,65,158,138,219
49,71,130,158,138,40
196,109,64,158,138,220
50,71,130,158,138,41
197,109,64,158,138,221
50,70,130,158,138,42
198,110,63,158,138,222
51,70,130,158,138,43
198,110,62,158,138,223
51,70,130,158,138,44
199,110,61,158,138,224
52,70,130,158,138,45
200,110,60,158,138,225
52,70,130,158,138,46
200,110,59,158,138,226
52,70,130,158,138,47
0,110,58,158,138,227
53,70,130,158,138,48
1,110,58,158,138,228
53,70,129,158,138,49
1,110,57,158,138,229
54,70,129,158,138,50
2,110,56,158,138,230
54,70,129,158,138,51
3,110,56,158,138,231
55,70,129,158,138,52
3,110,55,158,138,232
55,70,129,158,138,53
4,110,54,158,138,233
56,70,128,158,138,54
4,110,54,158,138,234
56,70,128,158,138,55
5,110,53,158,138,235
57,70,128,158,138,56
6,110,53,158,138,236
58,70,127,158,138,57
6,110,53,158,138,237
58,70,127,158,138,58
7,110,52,158,138,238
59,70,126,158,138,59
7,110,52,158,138,239
59,70,126,158,138,60
8,110,51,158,138,240
60,70,125,158,138,61
8,110,51,158,138,241
60,70,125,158,138,62
9,110,51,158,138,242
61,70,124,158,138,63
9,110,51,158,138,243
62,70,123,158,138,64
10,110,51,158,138,244
62,70,123,158,138,65
10,110,50,158,138,245
63,70,122,158,138,66
11,110,50,158,138,246
64,70,121,158,138,67
11,110,50,158,138,247
64,70,120,158,138,68
12,110,50,158,138,248
65,70,120,158,138,69
12,110,50,158,138,249
66,70,119,158,138,70
13,110,50,158,138,250
66,70,118,158,138,71
13,110,50,158,138,251
67,70,117,158,138,72
13,110,50,158,138,252
68,71,116,158,138,73
14,109,50,158,138,253
68,71,115,158,138,74
14,109,50,158,138,254
69,71,114,158,138,75
15,109,51,158,138,255
70,71,113,158,138,76
15,109,51,158,138,256
71,71,112,158,138,77
15,109,51,158,138,257
71,71,111,158,138,78
16,109,51,158,138,258
72,71,110,158,138,79
16,109,51,158,138,259
73,71,109,158,138,80
17,109,51,158,138,260
74,72,108,158,138,81
17,108,52,158,138,261
74,72,107,158,138,82
17,108,52,158,138,262
75,72,106,158,138,83
18,108,52,158,138,263
76,72,105,158,138,84
18,108,52,158,138,264
77,72,104,158,138,85
18,108,52,158,138,265
77,72,103,158,138,86
19,108,53,158,138,266
78,73,102,158,138,87
19,107,53,158,138,267
79,73,101,158,138,88
19,107,53,158,138,268
80,73,100,158,138,89
19,107,53,158,138,269
81,73,99,158,138,90
20,107,54,158,138,270
82,73,98,158,138,91
20,107,54,158,138,271
82,74,97,158,138,92
20,106,54,158,138,272
83,74,96,158,138,93
21,106,54,158,138,273
84,74,96,158,138,94
21,106,55,158,138,274
85,74,95,158,138,95
21,106,55,158,138,275
86,74,94,158,138,96
21,106,55,158,138,276
87,75,93,158,138,97
22,105,55,158,138,277
87,75,92,158,138,98
22,105,56,158,138,278
88,75,91,158,138,99
22,105,56,158,138,279
89,75,91,158,138,100
23,105,56,158,138,280
90,76,90,158,138,101
23,104,56,158,138,281
91,76,89,158,138,102
23,104,57,158,138,282
92,76,89,158,138,103
23,104,57,158,138,283
93,76,88,158,138,104
23,104,57,158,138,284
94,77,87,158,138,105
24,103,57,158,138,285
94,77,87,158,138,106
24,103,58,158,138,286
95,77,86,158,138,107
24,103,58,158,138,287
96,77,85,158,138,108
24,103,58,158,138,288
97,78,85,158,138,109
25,102,58,158,138,289
98,78,84,158,138,110
25,102,58,158,138,290
99,78,84,158,138,111
25,102,59,158,138,291
100,79,83,158,138,112
25,101,59,158,138,292
101,79,83,158,138,113
25,101,59,158,138,293
102,79,82,158,138,114
26,101,59,158,138,294
103,79,82,158,138,115
26,101,59,158,138,295
103,80,82,158,138,116
26,100,59,158,138,296
104,80,81,158,138,117
26,100,60,158,138,297
105,80,81,158,138,118
27,100,60,158,138,298
106,81,80,158,138,119
27,99,60,158,138,299
107,81,80,158,138,120
27,99,60,158,138,300
108,81,80,158,138,121
27,99,60,158,138,301
109,82,79,158,138,122
27,98,60,158,138,302
110,82,79,158,138,123
27,98,61,158,138,303
111,82,79,158,138,124
28,98,61,158,138,304
112,83,78,158,138,125
28,97,61,158,138,305
113,83,78,158,138,126
28,97,61,158,138,306
114,83,78,158,138,127
28,97,61,158,138,307
115,84,78,158,138,128
28,96,61,158,138,308
115,84,77,158,138,129
29,96,61,158,138,309
116,84,77,158,138,130
29,96,61,158,138,310
117,85,77,158,138,131
29,95,61,158,138,311
118,85,77,158,138,132
29,95,61,158,138,312
119,85,77,158,138,133
29,95,62,158,138,313
120,86,77,158,138,134
29,94,62,158,138,314
121,86,76,158,138,135
30,94,62,158,138,315
122,86,76,158,138,136
30,94,62,158,138,316
123,87,76,158,138,137
30,93,62,158,138,317
124,87,76,158,138,138
30,93,62,158,138,318
125,87,76,158,138,139
30,93,62,158,138,319
126,88,76,158,138,140
31,92,62,158,138,320
127,88,76,158,138,141
31,92,62,158,138,321
128,88,76,158,138,142
31,92,62,158,138,322
129,89,76,158,138,143
31,91,62,158,138,323
130,89,76,158,138,144
31,91,62,158,138,324
131,89,76,158,138,145
31,91,62,158,138,325
131,90,76,158,138,146
32,90,62,158,138,326
132,90,76,158,138,147
32,90,62,158,138,327
133,90,76,158,138,148
32,90,62,158,138,328
134,91,76,158,138,149
32,89,62,158,138,329
135,91,76,158,138,150
32,89,62,158,138,330
136,91,76,158,138,151
32,89,62,158,138,331
137,92,76,158,138,152
33,88,62,158,138,332
138,92,76,158,138,153
33,88,62,158,138,333
139,93,76,158,138,154
33,87,62,158,138,334
140,93,76,158,138,155
33,87,62,158,138,335
141,93,76,158,138,156
33,87,62,158,138,336
142,94,76,158,138,157
33,86,62,158,138,337
143,94,76,158,138,158
34,86,62,158,138,338
144,94,76,158,138,159
34,86,62,158,138,339
145,95,77,158,138,160
34,85,62,158,138,340
146,95,77,158,138,161
34,85,62,158,138,341
147,95,77,158,138,162
34,85,61,158,138,342
147,96,77,158,138,163
35,84,61,158,138,343
148,96,77,158,138,164
35,84,61,158,138,344
149,96,78,158,138,165
35,84,61,158,138,345
150,97,78,158,138,166
35,83,61,158,138,346
151,97,78,158,138,167
35,83,61,158,138,347
152,97,78,158,138,168
35,83,61,158,138,348
153,98,79,158,138,169
36,82,61,158,138,349
154,98,79,158,138,170
36,82,61,158,138,350
155,98,79,158,138,171
36,82,60,158,138,351
156,98,79,158,138,172
36,82,60,158,138,352
157,99,80,158,138,173
36,81,60,158,138,353
158,99,80,158,138,174
37,81,60,158,138,354
159,99,81,158,138,175
37,81,60,158,138,355
160,100,81,158,138,176
37,80,60,158,138,356
160,100,81,158,138,177
37,80,60,158,138,357
161,100,82,158,138,178
37,80,59,158,138,358
162,101,82,158,138,179
38,79,59,158,138,359
66,68,126,164,147,76
19,112,35,164,147,256
67,69,124,163,147,76
18,111,37,163,147,256
67,69,122,162,147,76
18,111,39,162,147,256
68,69,120,161,148,76
17,111,39,161,148,256
68,70,118,160,148,76
17,110,41,160,148,256
68,70,116,159,148,76
16,110,42,159,148,256
69,70,114,158,148,76
16,110,44,158,148,256
69,70,112,157,149,76
16,110,44,157,149,256
70,71,111,156,149,76
15,109,45,156,149,256
70,71,109,155,149,76
15,109,47,155,149,256
70,71,108,154,149,76
15,109,48,154,149,256
71,71,106,153,150,76
14,109,48,153,150,256
71,72,105,152,150,76
14,108,49,152,150,256
71,72,104,151,150,76
13,108,50,151,150,256
72,72,102,150,150,76
13,108,51,150,150,256
72,73,101,149,151,76
13,107,52,149,151,256
73,73,100,148,151,76
12,107,53,148,151,256
73,73,99,147,151,76
12,107,54,147,151,256
73,73,98,146,151,76
12,107,54,146,151,256
74,74,97,145,152,76
11,106,55,145,152,256
74,74,96,144,152,76
11,106,55,144,152,256
74,74,95,143,152,76
11,106,56,143,152,256
74,74,95,143,152,76
11,106,56,143,152,256
75,74,94,142,153,76
10,106,56,142,153,256
75,75,94,141,153,76
10,105,57,141,153,256
75,75,93,140,153,76
10,105,58,140,153,256
76,75,92,139,153,76
9,105,58,139,153,256
76,76,91,138,154,76
9,104,59,138,154,256
76,76,91,137,154,76
9,104,59,137,154,256
77,76,90,136,154,76
8,104,60,136,154,256
77,76,89,135,154,76
8,104,60,135,154,256
77,77,89,134,155,76
8,103,60,134,155,256
78,77,88,133,155,76
7,103,61,133,155,256
78,77,88,132,155,76
7,103,61,132,155,256
78,77,87,131,155,76
7,103,62,131,155,256
79,78,87,130,156,76
6,102,62,130,156,256
79,78,86,129,156,76
6,102,62,129,156,256
79,78,86,128,156,76
6,102,63,128,156,256
80,79,85,127,156,76
5,101,63,127,156,256
80,79,85,126,157,76
5,101,63,126,157,256
80,79,84,125,157,76
5,101,63,125,157,256
81,79,84,124,157,76
4,101,64,124,157,256
81,80,84,123,157,76
4,100,64,123,157,256
81,80,83,122,158,76
4,100,64,122,158,256
81,80,83,121,158,76
3,100,64,121,158,256
82,80,82,120,158,76
3,100,64,120,158,256
82,81,82,119,158,76
3,99,65,119,158,256
82,81,82,118,159,76
3,99,64,118,159,256
83,81,81,117,159,76
2,99,65,117,159,256
83,81,81,116,159,76
2,99,65,116,159,256
83,82,81,115,159,76
2,98,65,115,159,256
83,82,81,115,160,76
2,98,65,115,160,256
84,82,81,114,160,76
1,98,65,114,160,256
84,82,80,113,160,76
1,98,65,113,160,256
84,82,80,112,160,76
1,98,65,112,160,256
85,83,80,111,160,76
0,97,65,111,160,256
85,83,80,110,161,76
0,97,65,110,161,256
85,83,79,109,161,76
0,97,65,109,161,256
85,84,79,108,161,76
200,96,65,108,161,256
86,84,79,107,161,76
200,96,65,107,161,256
86,84,79,106,162,76
200,96,65,106,162,256
86,84,78,105,162,76
200,96,65,105,162,256
87,85,78,104,162,76
199,95,65,104,162,256
87,85,78,103,162,76
199,95,65,103,162,256
87,85,78,102,163,76
199,95,65,102,163,256
87,85,78,101,163,76
198,95,65,101,163,256
88,86,78,100,163,76
198,94,65,100,163,256
88,86,77,99,163,76
198,94,65,99,163,256
88,86,77,98,164,76
198,94,64,98,164,256
89,86,77,97,164,76
197,94,65,97,164,256
89,87,77,96,164,76
197,93,65,96,164,256
89,87,77,95,164,76
197,93,65,95,164,256
90,87,77,94,165,76
196,93,64,94,165,256
90,87,76,93,165,76
196,93,64,93,165,256
90,88,76,92,165,76
196,92,64,92,165,256
90,88,76,91,165,76
195,92,64,91,165,256
91,88,76,90,166,76
195,92,63,90,166,256
91,88,76,89,166,76
195,92,63,89,166,256
91,89,76,88,166,76
195,91,63,88,166,256
92,89,76,87,166,76
194,91,63,87,166,256
92,89,76,86,167,76
194,91,62,86,167,256
92,89,76,86,167,76
194,91,62,86,167,256
92,90,76,85,167,76
194,90,62,85,167,256
35,76,129,164,147,0
166,104,95,164,147,180
35,76,129,164,147,1
167,104,94,164,147,181
35,76,130,164,147,2
168,104,93,164,147,182
35,75,130,164,147,3
169,105,93,164,147,183
35,75,130,164,147,4
170,105,92,164,147,184
35,75,131,164,147,5
171,105,91,164,147,185
36,75,131,164,147,6
172,105,90,164,147,186
36,74,132,164,147,7
173,106,89,164,147,187
36,74,132,164,147,8
174,106,88,164,147,188
36,74,133,164,147,9
175,106,87,164,147,189
36,73,133,164,147,10
176,107,86,164,147,190
36,73,133,164,147,11
177,107,85,164,147,191
37,73,134,164,147,12
178,107,84,164,147,192
37,72,134,164,147,13
179,108,82,164,147,193
37,72,135,164,147,14
180,108,81,164,147,194
37,72,135,164,147,15
181,108,80,164,147,195
37,72,136,164,147,16
181,108,78,164,147,196
38,71,136,164,147,17
182,109,77,164,147,197
38,71,137,164,147,18
183,109,76,164,147,198
38,71,138,164,147,19
184,109,74,164,147,199
38,71,138,164,147,20
185,109,73,164,147,200
39,70,139,164,147,21
186,110,71,164,147,201
39,70,139,164,147,22
187,110,69,164,147,202
39,70,140,164,147,23
188,110,68,164,147,203
39,70,140,164,147,24
188,110,66,164,147,204
40,70,141,164,147,25
189,110,64,164,147,205
40,69,142,164,147,26
190,111,63,164,147,206
40,69,142,164,147,27
191,111,61,164,147,207
40,69,143,164,147,28
192,111,59,164,147,208
41,69,143,164,147,29
193,111,58,164,147,209
41,69,144,164,147,30
194,111,56,164,147,210
41,69,144,164,147,31
194,111,54,164,147,211
42,68,145,164,147,32
195,112,53,164,147,212
42,68,146,164,147,33
196,112,51,164,147,213
42,68,146,164,147,34
197,112,49,164,147,214
43,68,147,164,147,35
198,112,48,164,147,215
43,68,147,164,147,36
198,112,46,164,147,216
43,68,148,164,147,37
199,112,45,164,147,217
44,68,148,164,147,38
200,112,43,164,147,218
44,67,148,164,147,39
0,113,42,164,147,219
44,67,149,164,147,40
0,113,41,164,147,220
45,67,149,164,147,41
1,113,39,164,147,221
45,67,150,164,147,42
2,113,38,164,147,222
46,67,150,164,147,43
2,113,37,164,147,223
46,67,150,164,147,44
3,113,36,164,147,224
47,67,150,164,147,45
4,113,35,164,147,225
47,67,150,164,147,46
4,113,34,164,147,226
47,67,151,164,147,47
5,113,34,164,147,227
48,67,151,164,147,48
6,113,33,164,147,228
48,67,151,164,147,49
6,113,32,164,147,229
49,67,151,164,147,50
7,113,32,164,147,230
49,67,151,164,147,51
8,113,31,164,147,231
50,67,150,164,147,52
8,113,31,164,147,232
50,67,150,164,147,53
9,113,30,164,147,233
51,67,150,164,147,54
9,113,30,164,147,234
52,67,150,164,147,55
10,113,30,164,147,235
52,67,149,164,147,56
10,113,30,164,147,236
53,67,149,164,147,57
11,113,29,164,147,237
53,67,148,164,147,58
11,113,29,164,147,238
54,67,147,164,147,59
12,113,29,164,147,239
55,67,147,164,147,60
12,113,29,164,147,240
55,67,146,164,147,61
13,113,29,164,147,241
56,67,145,164,147,62
13,113,30,164,147,242
57,67,144,164,147,63
14,113,30,164,147,243
57,67,143,164,147,64
14,113,30,164,147,244
58,67,142,164,147,65
15,113,30,164,147,245
59,67,141,164,147,66
15,113,31,164,147,246
59,67,140,164,147,67
15,113,31,164,147,247
60,67,139,164,147,68
16,113,31,164,147,248
61,67,137,164,147,69
16,113,32,164,147,249
62,68,136,164,147,70
17,112,32,164,147,250
62,68,134,164,147,71
17,112,33,164,147,251
63,68,133,164,147,72
17,112,33,164,147,252
64,68,131,164,147,73
18,112,34,164,147,253
65,68,130,164,147,74
18,112,34,164,147,254
65,68,128,164,147,75
18,112,35,164,147,255
66,68,126,164,147,76
19,112,35,164,147,256
67,69,125,164,147,77
19,111,36,164,147,257
68,69,123,164,147,78
19,111,36,164,147,258
69,69,121,164,147,79
19,111,37,164,147,259
70,69,120,164,147,80
20,111,38,164,147,260
70,69,118,164,147,81
20,111,38,164,147,261
71,70,116,164,147,82
20,110,39,164,147,262
72,70,115,164,147,83
21,110,39,164,147,263
73,70,113,164,147,84
21,110,40,164,147,264
74,70,111,164,147,85
21,110,41,164,147,265
75,70,110,164,147,86
21,110,41,164,147,266
76,71,108,164,147,87
22,109,42,164,147,267
76,71,107,164,147,88
22,109,42,164,147,268
77,71,105,164,147,89
22,109,43,164,147,269
78,71,104,164,147,90
22,109,43,164,147,270
79,72,102,164,147,91
22,108,44,164,147,271
80,72,101,164,147,92
23,108,44,164,147,272
81,72,99,164,147,93
23,108,45,164,147,273
82,72,98,164,147,94
23,108,45,164,147,274
83,73,97,164,147,95
23,107,46,164,147,275
84,73,96,164,147,96
23,107,46,164,147,276
85,73,95,164,147,97
24,107,47,164,147,277
86,73,93,164,147,98
24,107,47,164,147,278
87,74,92,164,147,99
24,106,48,164,147,279
88,74,91,164,147,100
24,106,48,164,147,280
88,74,90,164,147,101
24,106,49,164,147,281
89,75,89,164,147,102
25,105,49,164,147,282
90,75,89,164,147,103
25,105,49,164,147,283
91,75,88,164,147,104
25,105,50,164,147,284
92,76,87,164,147,105
25,104,50,164,147,285
93,76,86,164,147,106
25,104,50,164,147,286
94,76,85,164,147,107
25,104,51,164,147,287
95,77,85,164,147,108
25,103,51,164,147,288
96,77,84,164,147,109
26,103,51,164,147,289
97,77,83,164,147,110
26,103,52,164,147,290
98,78,83,164,147,111
26,102,52,164,147,291
99,78,82,164,147,112
26,102,52,164,147,292
100,78,82,164,147,113
26,102,53,164,147,293
101,79,81,164,147,114
26,101,53,164,147,294
102,79,81,164,147,115
26,101,53,164,147,295
103,79,80,164,147,116
27,101,53,164,147,296
104,80,80,164,147,117
27,100,54,164,147,297
105,80,79,164,147,118
27,100,54,164,147,298
106,80,79,164,147,119
27,100,54,164,147,299
107,81,78,164,147,120
27,99,54,164,147,300
108,81,78,164,147,121
27,99,55,164,147,301
109,82,78,164,147,122
27,98,55,164,147,302
110,82,77,164,147,123
28,98,55,164,147,303
111,82,77,164,147,124
28,98,55,164,147,304
112,83,77,164,147,125
28,97,55,164,147,305
113,83,76,164,147,126
28,97,55,164,147,306
114,83,76,164,147,127
28,97,56,164,147,307
115,84,76,164,147,128
28,96,56,164,147,308
116,84,76,164,147,129
28,96,56,164,147,309
117,85,75,164,147,130
28,95,56,164,147,310
118,85,75,164,147,131
29,95,56,164,147,311
119,85,75,164,147,132
29,95,56,164,147,312
120,86,75,164,147,133
29,94,56,164,147,313
121,86,75,164,147,134
29,94,56,164,147,314
122,87,75,164,147,135
29,93,56,164,147,315
123,87,75,164,147,136
29,93,56,164,147,316
124,87,74,164,147,137
29,93,56,164,147,317
125,88,74,164,147,138
29,92,57,164,147,318
126,88,74,164,147,139
29,92,57,164,147,319
127,89,74,164,147,140
30,91,57,164,147,320
128,89,74,164,147,141
30,91,57,164,147,321
129,89,74,164,147,142
30,91,57,164,147,322
130,90,74,164,147,143
30,90,57,164,147,323
131,90,74,164,147,144
30,90,57,164,147,324
132,91,74,164,147,145
30,89,57,164,147,325
133,91,74,164,147,146
30,89,57,164,147,326
134,91,74,164,147,147
30,89,57,164,147,327
135,92,74,164,147,148
30,88,57,164,147,328
136,92,74,164,147,149
31,88,57,164,147,329
137,92,74,164,147,150
31,88,56,164,147,330
138,93,75,164,147,151
31,87,56,164,147,331
139,93,75,164,147,152
31,87,56,164,147,332
140,94,75,164,147,153
31,86,56,164,147,333
141,94,75,164,147,154
31,86,56,164,147,334
142,94,75,164,147,155
31,86,56,164,147,335
143,95,75,164,147,156
31,85,56,164,147,336
144,95,75,164,147,157
32,85,56,164,147,337
145,96,76,164,147,158
32,84,56,164,147,338
146,96,76,164,147,159
32,84,56,164,147,339
147,96,76,164,147,160
32,84,56,164,147,340
148,97,76,164,147,161
32,83,55,164,147,341
149,97,77,164,147,162
32,83,55,164,147,342
150,98,77,164,147,163
32,82,55,164,147,343
151,98,77,164,147,164
32,82,55,164,147,344
152,98,77,164,147,165
33,82,55,164,147,345
153,99,78,164,147,166
33,81,55,164,147,346
154,99,78,164,147,167
33,81,54,164,147,347
155,99,79,164,147,168
33,81,54,164,147,348
156,100,79,164,147,169
33,80,54,164,147,349
157,100,79,164,147,170
33,80,54,164,147,350
158,100,80,164,147,171
33,80,54,164,147,351
159,101,80,164,147,172
33,79,53,164,147,352
160,101,81,164,147,173
34,79,53,164,147,353
161,102,81,164,147,174
34,78,53,164,147,354
162,102,82,164,147,175
34,78,52,164,147,355
163,102,82,164,147,176
34,78,52,164,147,356
164,103,83,164,147,177
34,77,52,164,147,357
164,103,84,164,147,178
34,77,52,164,147,358
165,103,84,164,147,179
34,77,51,164,147,359
35,76,129,164,147,0
166,104,95,164,147,180
35,76,129,164,147,1
167,104,94,164,147,181
35,76,130,164,147,2
168,104,93,164,147,182
35,75,130,164,147,3
169,105,93,164,147,183
35,75,130,164,147,4
170,105,92,164,147,184
35,75,131,164,147,5
171,105,91,164,147,185
36,75,131,164,147,6
172,105,90,164,147,186
36,74,132,164,147,7
173,106,89,164,147,187
36,74,132,164,147,8
174,106,88,164,147,188
36,74,133,164,147,9
175,106,87,164,147,189
36,73,133,164,147,10
176,107,86,164,147,190
36,73,133,164,147,11
177,107,85,164,147,191
37,73,134,164,147,12
178,107,84,164,147,192
37,72,134,164,147,13
179,108,82,164,147,193
37,72,135,164,147,14
180,108,81,164,147,194
37,72,135,164,147,15
181,108,80,164,147,195
37,72,136,164,147,16
181,108,78,164,147,196
38,71,136,164,147,17
182,109,77,164,147,197
38,71,137,164,147,18
183,109,76,164,147,198
38,71,138,164,147,19
184,109,74,164,147,199
38,71,138,164,147,20
185,109,73,164,147,200
39,70,139,164,147,21
186,110,71,164,147,201
39,70,139,164,147,22
187,110,69,164,147,202
39,70,140,164,147,23
188,110,68,164,147,203
39,70,140,164,147,24
188,110,66,164,147,204
40,70,141,164,147,25
189,110,64,164,147,205
40,69,142,164,147,26
190,111,63,164,147,206
40,69,142,164,147,27
191,111,61,164,147,207
40,69,143,164,147,28
192,111,59,164,147,208
41,69,143,164,147,29
193,111,58,164,147,209
41,69,144,164,147,30
194,111,56,164,147,210
41,69,144,164,147,31
194,111,54,164,147,211
42,68,145,164,147,32
195,112,53,164,147,212
42,68,146,164,147,33
196,112,51,164,147,213
42,68,146,164,147,34
197,112,49,164,147,214
43,68,147,164,147,35
198,112,48,164,147,215
43,68,147,164,147,36
198,112,46,164,147,216
43,68,148,164,147,37
199,112,45,164,147,217
44,68,148,164,147,38
200,112,43,164,147,218
44,67,148,164,147,39
0,113,42,164,147,219
44,67,149,164,147,40
0,113,41,164,147,220
45,67,149,164,147,41
1,113,39,164,147,221
45,67,150,164,147,42
2,113,38,164,147,222
46,67,150,164,147,43
2,113,37,164,147,223
46,67,150,164,147,44
3,113,36,164,147,224
47,67,150,164,147,45
4,113,35,164,147,225
47,67,150,164,147,46
4,113,34,164,147,226
47,67,151,164,147,47
5,113,34,164,147,227
48,67,151,164,147,48
6,113,33,164,147,228
48,67,151,164,147,49
6,113,32,164,147,229
49,67,151,164,147,50
7,113,32,164,147,230
49,67,151,164,147,51
8,113,31,164,147,231
50,67,150,164,147,52
8,113,31,164,147,232
50,67,150,164,147,53
9,113,30,164,147,233
51,67,150,164,147,54
9,113,30,164,147,234
52,67,150,164,147,55
10,113,30,164,147,235
52,67,149,164,147,56
10,113,30,164,147,236
53,67,149,164,147,57
11,113,29,164,147,237
53,67,148,164,147,58
11,113,29,164,147,238
54,67,147,164,147,59
12,113,29,164,147,239
55,67,147,164,147,60
12,113,29,164,147,240
55,67,146,164,147,61
13,113,29,164,147,241
56,67,145,164,147,62
13,113,30,164,147,242
57,67,144,164,147,63
14,113,30,164,147,243
57,67,143,164,147,64
14,113,30,164,147,244
58,67,142,164,147,65
15,113,30,164,147,245
59,67,141,164,147,66
15,113,31,164,147,246
59,67,140,164,147,67
15,113,31,164,147,247
60,67,139,164,147,68
16,113,31,164,147,248
61,67,137,164,147,69
16,113,32,164,147,249
62,68,136,164,147,70
17,112,32,164,147,250
62,68,134,164,147,71
17,112,33,164,147,251
63,68,133,164,147,72
17,112,33,164,147,252
64,68,131,164,147,73
18,112,34,164,147,253
65,68,130,164,147,74
18,112,34,164,147,254
65,68,128,164,147,75
18,112,35,164,147,255
66,68,126,164,147,76
19,112,35,164,147,256
67,69,125,164,147,77
19,111,36,164,147,257
68,69,123,164,147,78
19,111,36,164,147,258
69,69,121,164,147,79
19,111,37,164,147,259
70,69,120,164,147,80
20,111,38,164,147,260
70,69,118,164,147,81
20,111,38,164,147,261
71,70,116,164,147,82
20,110,39,164,147,262
72,70,115,164,147,83
21,110,39,164,147,263
73,70,113,164,147,84
21,110,40,164,147,264
74,70,111,164,147,85
21,110,41,164,147,265
75,70,110,164,147,86
21,110,41,164,147,266
76,71,108,164,147,87
22,109,42,164,147,267
76,71,107,164,147,88
22,109,42,164,147,268
77,71,105,164,147,89
22,109,43,164,147,269
78,71,104,164,147,90
22,109,43,164,147,270
79,72,102,164,147,91
22,108,44,164,147,271
80,72,101,164,147,92
23,108,44,164,147,272
81,72,99,164,147,93
23,108,45,164,147,273
82,72,98,164,147,94
23,108,45,164,147,274
83,73,97,164,147,95
23,107,46,164,147,275
84,73,96,164,147,96
23,107,46,164,147,276
85,73,95,164,147,97
24,107,47,164,147,277
86,73,93,164,147,98
24,107,47,164,147,278
87,74,92,164,147,99
24,106,48,164,147,279
88,74,91,164,147,100
24,106,48,164,147,280
88,74,90,164,147,101
24,106,49,164,147,281
89,75,89,164,147,102
25,105,49,164,147,282
90,75,89,164,147,103
25,105,49,164,147,283
91,75,88,164,147,104
25,105,50,164,147,284
92,76,87,164,147,105
25,104,50,164,147,285
93,76,86,164,147,106
25,104,50,164,147,286
94,76,85,164,147,107
25,104,51,164,147,287
95,77,85,164,147,108
25,103,51,164,147,288
96,77,84,164,147,109
26,103,51,164,147,289
97,77,83,164,147,110
26,103,52,164,147,290
98,78,83,164,147,111
26,102,52,164,147,291
99,78,82,164,147,112
26,102,52,164,147,292
100,78,82,164,147,113
26,102,53,164,147,293
101,79,81,164,147,114
26,101,53,164,147,294
102,79,81,164,147,115
26,101,53,164,147,295
103,79,80,164,147,116
27,101,53,164,147,296
104,80,80,164,147,117
27,100,54,164,147,297
105,80,79,164,147,118
27,100,54,164,147,298
106,80,79,164,147,119
27,100,54,164,147,299
107,81,78,164,147,120
27,99,54,164,147,300
108,81,78,164,147,121
27,99,55,164,147,301
109,82,78,164,147,122
27,98,55,164,147,302
110,82,77,164,147,123
28,98,55,164,147,303
111,82,77,164,147,124
28,98,55,164,147,304
112,83,77,164,147,125
28,97,55,164,147,305
113,83,76,164,147,126
28,97,55,164,147,306
114,83,76,164,147,127
28,97,56,164,147,307
115,84,76,164,147,128
28,96,56,164,147,308
116,84,76,164,147,129
28,96,56,164,147,309
117,85,75,164,147,130
28,95,56,164,147,310
118,85,75,164,147,131
29,95,56,164,147,311
119,85,75,164,147,132
29,95,56,164,147,312
120,86,75,164,147,133
29,94,56,164,147,313
121,86,75,164,147,134
29,94,56,164,147,314
122,87,75,164,147,135
29,93,56,164,147,315
123,87,75,164,147,136
29,93,56,164,147,316
124,87,74,164,147,137
29,93,56,164,147,317
125,88,74,164,147,138
29,92,57,164,147,318
126,88,74,164,147,139
29,92,57,164,147,319
127,89,74,164,147,140
30,91,57,164,147,320
128,89,74,164,147,141
30,91,57,164,147,321
129,89,74,164,147,142
30,91,57,164,147,322
130,90,74,164,147,143
30,90,57,164,147,323
131,90,74,164,147,144
30,90,57,164,147,324
132,91,74,164,147,145
30,89,57,164,147,325
133,91,74,164,147,146
30,89,57,164,147,326
134,91,74,164,147,147
30,89,57,164,147,327
135,92,74,164,147,148
30,88,57,164,147,328
136,92,74,164,147,149
31,88,57,164,147,329
137,92,74,164,147,150
31,88,56,164,147,330
138,93,75,164,147,151
31,87,56,164,147,331
139,93,75,164,147,152
31,87,56,164,147,332
140,94,75,164,147,153
31,86,56,164,147,333
141,94,75,164,147,154
31,86,56,164,147,334
142,94,75,164,147,155
31,86,56,164,147,335
143,95,75,164,147,156
31,85,56,164,147,336
144,95,75,164,147,157
32,85,56,164,147,337
145,96,76,164,147,158
32,84,56,164,147,338
146,96,76,164,147,159
32,84,56,164,147,339
147,96,76,164,147,160
32,84,56,164,147,340
148,97,76,164,147,161
32,83,55,164,147,341
149,97,77,164,147,162
32,83,55,164,147,342
150,98,77,164,147,163
32,82,55,164,147,343
151,98,77,164,147,164
32,82,55,164,147,344
152,98,77,164,147,165
33,82,55,164,147,345
153,99,78,164,147,166
33,81,55,164,147,346
154,99,78,164,147,167
33,81,54,164,147,347
155,99,79,164,147,168
33,81,54,164,147,348
156,100,79,164,147,169
33,80,54,164,147,349
157,100,79,164,147,170
33,80,54,164,147,350
158,100,80,164,147,171
33,80,54,164,147,351
159,101,80,164,147,172
33,79,53,164,147,352
160,101,81,164,147,173
34,79,53,164,147,353
161,102,81,164,147,174
34,78,53,164,147,354
162,102,82,164,147,175
34,78,52,164,147,355
163,102,82,164,147,176
34,78,52,164,147,356
164,103,83,164,147,177
34,77,52,164,147,357
164,103,84,164,147,178
34,77,52,164,147,358
165,103,84,164,147,179
34,77,51,164,147,359
45,74,96,85,167,24
183,106,55,85,167,204
45,74,95,85,166,24
182,106,56,85,166,204
46,75,94,85,165,24
182,105,57,85,165,204
46,75,94,86,164,24
182,105,58,86,164,204
46,75,94,86,163,24
182,105,59,86,163,204
46,75,94,87,163,24
182,105,59,87,163,204
46,75,94,87,162,24
181,105,60,87,162,204
47,75,93,87,161,24
181,105,61,87,161,204
47,76,93,88,160,24
181,104,62,88,160,204
47,76,93,88,159,24
181,104,63,88,159,204
47,76,93,89,158,24
180,104,64,89,158,204
48,76,92,89,157,24
180,104,65,89,157,204
48,77,92,89,156,24
180,103,65,89,156,204
48,77,92,90,155,24
180,103,66,90,155,204
49,77,92,90,154,24
179,103,67,90,154,204
49,77,92,91,153,24
179,103,68,91,153,204
49,77,91,91,152,24
179,103,69,91,152,204
49,77,91,91,152,24
179,103,69,91,152,204
49,77,92,92,151,24
178,103,70,92,151,204
50,78,91,92,150,24
178,102,70,92,150,204
50,78,91,93,149,24
178,102,71,93,149,204
50,78,91,93,148,24
178,102,72,93,148,204
50,78,91,93,147,24
177,102,72,93,147,204
51,79,91,94,146,24
177,101,73,94,146,204
51,79,91,94,145,24
177,101,74,94,145,204
51,79,91,95,144,24
177,101,75,95,144,204
51,79,90,95,143,24
176,101,75,95,143,204
52,80,90,95,142,24
176,100,76,95,142,204
52,80,90,96,141,24
176,100,77,96,141,204
52,80,90,96,141,24
176,100,77,96,141,204
52,80,91,97,140,24
176,100,77,97,140,204
52,80,90,97,139,24
175,100,78,97,139,204
53,80,90,97,138,24
175,100,78,97,138,204
53,81,90,98,137,24
175,99,79,98,137,204
53,81,90,98,136,24
175,99,80,98,136,204
53,81,90,99,135,24
174,99,80,99,135,204
54,81,90,99,134,24
174,99,81,99,134,204
54,81,90,99,133,24
174,99,81,99,133,204
54,82,90,100,132,24
174,98,82,100,132,204
54,82,90,100,131,24
173,98,82,100,131,204
55,82,90,101,130,24
173,98,83,101,130,204
55,82,90,101,130,24
173,98,83,101,130,204
55,82,90,101,129,24
173,98,83,101,129,204
55,82,90,102,128,24
173,98,84,102,128,204
55,83,90,102,127,24
172,97,84,102,127,204
56,83,91,103,126,24
172,97,85,103,126,204
56,83,90,103,125,24
172,97,85,103,125,204
56,83,90,103,124,24
172,97,85,103,124,204
56,84,91,104,123,24
171,96,86,104,123,204
57,84,91,104,122,24
171,96,86,104,122,204
57,84,91,105,121,24
171,96,87,105,121,204
57,84,91,105,120,24
171,96,87,105,120,204
57,84,91,105,119,24
170,96,87,105,119,204
57,84,91,106,119,24
171,96,88,106,119,204
58,85,91,106,118,24
170,95,88,106,118,204
58,85,91,107,117,24
170,95,88,107,117,204
58,85,91,107,116,24
170,95,89,107,116,204
58,85,91,107,115,24
169,95,89,107,115,204
58,85,92,108,114,24
169,95,89,108,114,204
27,70,118,85,167,0
174,110,51,85,167,180
27,71,117,85,167,1
175,109,51,85,167,181
28,71,116,85,167,2
175,109,51,85,167,182
29,71,116,85,167,3
176,109,51,85,167,183
30,71,115,85,167,4
176,109,51,85,167,184
30,71,114,85,167,5
176,109,51,85,167,185
31,71,113,85,167,6
177,109,52,85,167,186
32,71,112,85,167,7
177,109,52,85,167,187
32,71,111,85,167,8
178,109,52,85,167,188
33,71,110,85,167,9
178,109,52,85,167,189
34,72,109,85,167,10
178,108,52,85,167,190
35,72,108,85,167,11
179,108,52,85,167,191
35,72,107,85,167,12
179,108,52,85,167,192
36,72,106,85,167,13
179,108,53,85,167,193
37,72,105,85,167,14
180,108,53,85,167,194
38,72,104,85,167,15
180,108,53,85,167,195
38,72,103,85,167,16
180,108,53,85,167,196
39,73,102,85,167,17
181,107,54,85,167,197
40,73,101,85,167,18
181,107,54,85,167,198
41,73,100,85,167,19
181,107,54,85,167,199
42,73,99,85,167,20
182,107,54,85,167,200
43,73,98,85,167,21
182,107,54,85,167,201
43,74,97,85,167,22
182,106,55,85,167,202
44,74,97,85,167,23
183,106,55,85,167,203
45,74,96,85,167,24
183,106,55,85,167,204
46,74,95,85,167,25
183,106,55,85,167,205
47,74,94,85,167,26
183,106,56,85,167,206
47,75,93,85,167,27
184,105,56,85,167,207
48,75,92,85,167,28
184,105,56,85,167,208
49,75,92,85,167,29
184,105,56,85,167,209
50,75,91,85,167,30
184,105,57,85,167,210
51,76,90,85,167,31
185,104,57,85,167,211
52,76,90,85,167,32
185,104,57,85,167,212
53,76,89,85,167,33
185,104,57,85,167,213
54,76,88,85,167,34
185,104,58,85,167,214
54,77,88,85,167,35
186,103,58,85,167,215
55,77,87,85,167,36
186,103,58,85,167,216
56,77,86,85,167,37
186,103,58,85,167,217
57,77,86,85,167,38
186,103,58,85,167,218
58,78,85,85,167,39
187,102,59,85,167,219
59,78,85,85,167,40
187,102,59,85,167,220
60,78,84,85,167,41
187,102,59,85,167,221
61,79,84,85,167,42
187,101,59,85,167,222
62,79,83,85,167,43
187,101,59,85,167,223
62,79,83,85,167,44
188,101,59,85,167,224
63,79,82,85,167,45
188,101,60,85,167,225
64,80,82,85,167,46
188,100,60,85,167,226
65,80,81,85,167,47
188,100,60,85,167,227
66,80,81,85,167,48
189,100,60,85,167,228
67,81,81,85,167,49
189,99,60,85,167,229
68,81,80,85,167,50
189,99,60,85,167,230
69,81,80,85,167,51
189,99,61,85,167,231
70,82,80,85,167,52
189,98,61,85,167,232
71,82,79,85,167,53
190,98,61,85,167,233
72,82,79,85,167,54
190,98,61,85,167,234
72,82,79,85,167,55
190,98,61,85,167,235
73,83,78,85,167,56
190,97,61,85,167,236
74,83,78,85,167,57
190,97,61,85,167,237
75,83,78,85,167,58
190,97,61,85,167,238
76,84,78,85,167,59
191,96,62,85,167,239
77,84,77,85,167,60
191,96,62,85,167,240
78,84,77,85,167,61
191,96,62,85,167,241
79,85,77,85,167,62
191,95,62,85,167,242
80,85,77,85,167,63
191,95,62,85,167,243
81,85,77,85,167,64
192,95,62,85,167,244
82,86,77,85,167,65
192,94,62,85,167,245
83,86,76,85,167,66
192,94,62,85,167,246
84,86,76,85,167,67
192,94,62,85,167,247
85,87,76,85,167,68
192,93,62,85,167,248
86,87,76,85,167,69
192,93,62,85,167,249
87,87,76,85,167,70
193,93,62,85,167,250
87,88,76,85,167,71
193,92,62,85,167,251
88,88,76,85,167,72
193,92,62,85,167,252
89,88,76,85,167,73
193,92,62,85,167,253
90,89,76,85,167,74
193,91,62,85,167,254
91,89,76,85,167,75
194,91,62,85,167,255
92,90,76,85,167,76
194,90,62,85,167,256
93,90,76,85,167,77
194,90,62,85,167,257
94,90,76,85,167,78
194,90,62,85,167,258
95,91,76,85,167,79
194,89,62,85,167,259
96,91,76,85,167,80
194,89,62,85,167,260
97,91,76,85,167,81
195,89,62,85,167,261
98,92,76,85,167,82
195,88,62,85,167,262
99,92,76,85,167,83
195,88,62,85,167,263
100,92,76,85,167,84
195,88,62,85,167,264
101,93,76,85,167,85
195,87,62,85,167,265
102,93,76,85,167,86
195,87,62,85,167,266
103,93,76,85,167,87
196,87,62,85,167,267
103,94,76,85,167,88
196,86,62,85,167,268
104,94,76,85,167,89
196,86,62,85,167,269
105,94,77,85,167,90
196,86,62,85,167,270
106,95,77,85,167,91
196,85,62,85,167,271
107,95,77,85,167,92
197,85,62,85,167,272
108,95,77,85,167,93
197,85,62,85,167,273
109,96,77,85,167,94
197,84,62,85,167,274
110,96,77,85,167,95
197,84,62,85,167,275
111,96,78,85,167,96
197,84,62,85,167,276
112,97,78,85,167,97
197,83,61,85,167,277
113,97,78,85,167,98
198,83,61,85,167,278
114,97,78,85,167,99
198,83,61,85,167,279
115,98,79,85,167,100
198,82,61,85,167,280
116,98,79,85,167,101
198,82,61,85,167,281
116,98,79,85,167,102
198,82,61,85,167,282
117,99,80,85,167,103
199,81,61,85,167,283
118,99,80,85,167,104
199,81,61,85,167,284
119,99,80,85,167,105
199,81,60,85,167,285
120,99,81,85,167,106
199,81,60,85,167,286
121,100,81,85,167,107
199,80,60,85,167,287
122,100,81,85,167,108
200,80,60,85,167,288
123,100,82,85,167,109
200,80,60,85,167,289
124,101,82,85,167,110
200,79,60,85,167,290
125,101,83,85,167,111
200,79,59,85,167,291
126,101,83,85,167,112
200,79,59,85,167,292
127,102,84,85,167,113
0,78,59,85,167,293
127,102,84,85,167,114
0,78,59,85,167,294
128,102,85,85,167,115
0,78,59,85,167,295
129,102,85,85,167,116
0,78,59,85,167,296
130,103,86,85,167,117
1,77,58,85,167,297
131,103,86,85,167,118
1,77,58,85,167,298
132,103,87,85,167,119
1,77,58,85,167,299
133,103,88,85,167,120
1,77,58,85,167,300
134,104,88,85,167,121
2,76,57,85,167,301
134,104,89,85,167,122
2,76,57,85,167,302
135,104,90,85,167,123
2,76,57,85,167,303
136,104,90,85,167,124
2,76,57,85,167,304
137,105,91,85,167,125
3,75,57,85,167,305
138,105,92,85,167,126
3,75,56,85,167,306
139,105,93,85,167,127
3,75,56,85,167,307
140,105,93,85,167,128
3,75,56,85,167,308
140,106,94,85,167,129
4,74,56,85,167,309
141,106,95,85,167,130
4,74,55,85,167,310
142,106,96,85,167,131
4,74,55,85,167,311
143,106,97,85,167,132
4,74,55,85,167,312
144,106,98,85,167,133
5,74,55,85,167,313
145,107,99,85,167,134
5,73,54,85,167,314
145,107,100,85,167,135
5,73,54,85,167,315
146,107,100,85,167,136
6,73,54,85,167,316
147,107,101,85,167,137
6,73,54,85,167,317
148,107,102,85,167,138
6,73,53,85,167,318
149,108,103,85,167,139
7,72,53,85,167,319
149,108,104,85,167,140
7,72,53,85,167,320
150,108,105,85,167,141
7,72,53,85,167,321
151,108,106,85,167,142
8,72,53,85,167,322
152,108,107,85,167,143
8,72,52,85,167,323
152,108,108,85,167,144
8,72,52,85,167,324
153,109,109,85,167,145
9,71,52,85,167,325
154,109,110,85,167,146
9,71,52,85,167,326
155,109,111,85,167,147
9,71,52,85,167,327
155,109,112,85,167,148
10,71,52,85,167,328
156,109,113,85,167,149
10,71,52,85,167,329
157,109,114,85,167,150
11,71,51,85,167,330
158,109,115,85,167,151
11,71,51,85,167,331
158,109,116,85,167,152
11,71,51,85,167,332
159,109,117,85,167,153
12,71,51,85,167,333
160,110,118,85,167,154
12,70,51,85,167,334
160,110,118,85,167,155
13,70,51,85,167,335
161,110,119,85,167,156
13,70,51,85,167,336
162,110,120,85,167,157
14,70,51,85,167,337
162,110,121,85,167,158
14,70,51,85,167,338
163,110,121,85,167,159
15,70,52,85,167,339
164,110,122,85,167,160
15,70,52,85,167,340
164,110,123,85,167,161
16,70,52,85,167,341
165,110,123,85,167,162
16,70,52,85,167,342
165,110,124,85,167,163
17,70,52,85,167,343
166,110,125,85,167,164
17,70,53,85,167,344
167,110,125,85,167,165
18,70,53,85,167,345
167,110,126,85,167,166
18,70,53,85,167,346
168,110,126,85,167,167
19,70,54,85,167,347
168,110,126,85,167,168
19,70,54,85,167,348
169,110,127,85,167,169
20,70,55,85,167,349
169,110,127,85,167,170
20,70,55,85,167,350
170,110,127,85,167,171
21,70,56,85,167,351
170,110,128,85,167,172
22,70,56,85,167,352
171,110,128,85,167,173
22,70,57,85,167,353
171,110,128,85,167,174
23,70,57,85,167,354
172,110,128,85,167,175
24,70,58,85,167,355
172,110,128,85,167,176
24,70,59,85,167,356
173,110,129,85,167,177
25,70,59,85,167,357
173,110,129,85,167,178
25,70,60,85,167,358
174,110,129,85,167,179
26,70,61,85,167,359
27,70,118,85,167,0
174,110,51,85,167,180
27,71,117,85,167,1
175,109,51,85,167,181
28,71,116,85,167,2
175,109,51,85,167,182
29,71,116,85,167,3
176,109,51,85,167,183
30,71,115,85,167,4
176,109,51,85,167,184
30,71,114,85,167,5
176,109,51,85,167,185
31,71,113,85,167,6
177,109,52,85,167,186
32,71,112,85,167,7
177,109,52,85,167,187
32,71,111,85,167,8
178,109,52,85,167,188
33,71,110,85,167,9
178,109,52,85,167,189
34,72,109,85,167,10
178,108,52,85,167,190
35,72,108,85,167,11
179,108,52,85,167,191
35,72,107,85,167,12
179,108,52,85,167,192
36,72,106,85,167,13
179,108,53,85,167,193
37,72,105,85,167,14
180,108,53,85,167,194
38,72,104,85,167,15
180,108,53,85,167,195
38,72,103,85,167,16
180,108,53,85,167,196
39,73,102,85,167,17
181,107,54,85,167,197
40,73,101,85,167,18
181,107,54,85,167,198
41,73,100,85,167,19
181,107,54,85,167,199
42,73,99,85,167,20
182,107,54,85,167,200
43,73,98,85,167,21
182,107,54,85,167,201
43,74,97,85,167,22
182,106,55,85,167,202
44,74,97,85,167,23
183,106,55,85,167,203
45,74,96,85,167,24
183,106,55,85,167,204
46,74,95,85,167,25
183,106,55,85,167,205
47,74,94,85,167,26
183,106,56,85,167,206
47,75,93,85,167,27
184,105,56,85,167,207
48,75,92,85,167,28
184,105,56,85,167,208
49,75,92,85,167,29
184,105,56,85,167,209
50,75,91,85,167,30
184,105,57,85,167,210
51,76,90,85,167,31
185,104,57,85,167,211
52,76,90,85,167,32
185,104,57,85,167,212
53,76,89,85,167,33
185,104,57,85,167,213
54,76,88,85,167,34
185,104,58,85,167,214
54,77,88,85,167,35
186,103,58,85,167,215
55,77,87,85,167,36
186,103,58,85,167,216
56,77,86,85,167,37
186,103,58,85,167,217
57,77,86,85,167,38
186,103,58,85,167,218
58,78,85,85,167,39
187,102,59,85,167,219
59,78,85,85,167,40
187,102,59,85,167,220
60,78,84,85,167,41
187,102,59,85,167,221
61,79,84,85,167,42
187,101,59,85,167,222
62,79,83,85,167,43
187,101,59,85,167,223
62,79,83,85,167,44
188,101,59,85,167,224
63,79,82,85,167,45
188,101,60,85,167,225
64,80,82,85,167,46
188,100,60,85,167,226
65,80,81,85,167,47
188,100,60,85,167,227
66,80,81,85,167,48
189,100,60,85,167,228
67,81,81,85,167,49
189,99,60,85,167,229
68,81,80,85,167,50
189,99,60,85,167,230
69,81,80,85,167,51
189,99,61,85,167,231
70,82,80,85,167,52
189,98,61,85,167,232
71,82,79,85,167,53
190,98,61,85,167,233
72,82,79,85,167,54
190,98,61,85,167,234
72,82,79,85,167,55
190,98,61,85,167,235
73,83,78,85,167,56
190,97,61,85,167,236
74,83,78,85,167,57
190,97,61,85,167,237
75,83,78,85,167,58
190,97,61,85,167,238
76,84,78,85,167,59
191,96,62,85,167,239
77,84,77,85,167,60
191,96,62,85,167,240
78,84,77,85,167,61
191,96,62,85,167,241
79,85,77,85,167,62
191,95,62,85,167,242
80,85,77,85,167,63
191,95,62,85,167,243
81,85,77,85,167,64
192,95,62,85,167,244
82,86,77,85,167,65
192,94,62,85,167,245
83,86,76,85,167,66
192,94,62,85,167,246
84,86,76,85,167,67
192,94,62,85,167,247
85,87,76,85,167,68
192,93,62,85,167,248
86,87,76,85,167,69
192,93,62,85,167,249
87,87,76,85,167,70
193,93,62,85,167,250
87,88,76,85,167,71
193,92,62,85,167,251
88,88,76,85,167,72
193,92,62,85,167,252
89,88,76,85,167,73
193,92,62,85,167,253
90,89,76,85,167,74
193,91,62,85,167,254
91,89,76,85,167,75
194,91,62,85,167,255
92,90,76,85,167,76
194,90,62,85,167,256
93,90,76,85,167,77
194,90,62,85,167,257
94,90,76,85,167,78
194,90,62,85,167,258
95,91,76,85,167,79
194,89,62,85,167,259
96,91,76,85,167,80
194,89,62,85,167,260
97,91,76,85,167,81
195,89,62,85,167,261
98,92,76,85,167,82
195,88,62,85,167,262
99,92,76,85,167,83
195,88,62,85,167,263
100,92,76,85,167,84
195,88,62,85,167,264
101,93,76,85,167,85
195,87,62,85,167,265
102,93,76,85,167,86
195,87,62,85,167,266
103,93,76,85,167,87
196,87,62,85,167,267
103,94,76,85,167,88
196,86,62,85,167,268
104,94,76,85,167,89
196,86,62,85,167,269
105,94,77,85,167,90
196,86,62,85,167,270
106,95,77,85,167,91
196,85,62,85,167,271
107,95,77,85,167,92
197,85,62,85,167,272
108,95,77,85,167,93
197,85,62,85,167,273
109,96,77,85,167,94
197,84,62,85,167,274
110,96,77,85,167,95
197,84,62,85,167,275
111,96,78,85,167,96
197,84,62,85,167,276
112,97,78,85,167,97
197,83,61,85,167,277
113,97,78,85,167,98
198,83,61,85,167,278
114,97,78,85,167,99
198,83,61,85,167,279
115,98,79,85,167,100
198,82,61,85,167,280
116,98,79,85,167,101
198,82,61,85,167,281
116,98,79,85,167,102
198,82,61,85,167,282
117,99,80,85,167,103
199,81,61,85,167,283
118,99,80,85,167,104
199,81,61,85,167,284
119,99,80,85,167,105
199,81,60,85,167,285
120,99,81,85,167,106
199,81,60,85,167,286
121,100,81,85,167,107
199,80,60,85,167,287
122,100,81,85,167,108
200,80,60,85,167,288
123,100,82,85,167,109
200,80,60,85,167,289
124,101,82,85,167,110
200,79,60,85,167,290
125,101,83,85,167,111
200,79,59,85,167,291
126,101,83,85,167,112
200,79,59,85,167,292
127,102,84,85,167,113
0,78,59,85,167,293
127,102,84,85,167,114
0,78,59,85,167,294
128,102,85,85,167,115
0,78,59,85,167,295
129,102,85,85,167,116
0,78,59,85,167,296
130,103,86,85,167,117
1,77,58,85,167,297
131,103,86,85,167,118
1,77,58,85,167,298
132,103,87,85,167,119
1,77,58,85,167,299
133,103,88,85,167,120
1,77,58,85,167,300
134,104,88,85,167,121
2,76,57,85,167,301
134,104,89,85,167,122
2,76,57,85,167,302
135,104,90,85,167,123
2,76,57,85,167,303
136,104,90,85,167,124
2,76,57,85,167,304
137,105,91,85,167,125
3,75,57,85,167,305
138,105,92,85,167,126
3,75,56,85,167,306
139,105,93,85,167,127
3,75,56,85,167,307
140,105,93,85,167,128
3,75,56,85,167,308
140,106,94,85,167,129
4,74,56,85,167,309
141,106,95,85,167,130
4,74,55,85,167,310
142,106,96,85,167,131
4,74,55,85,167,311
143,106,97,85,167,132
4,74,55,85,167,312
144,106,98,85,167,133
5,74,55,85,167,313
145,107,99,85,167,134
5,73,54,85,167,314
145,107,100,85,167,135
5,73,54,85,167,315
146,107,100,85,167,136
6,73,54,85,167,316
147,107,101,85,167,137
6,73,54,85,167,317
148,107,102,85,167,138
6,73,53,85,167,318
149,108,103,85,167,139
7,72,53,85,167,319
149,108,104,85,167,140
7,72,53,85,167,320
150,108,105,85,167,141
7,72,53,85,167,321
151,108,106,85,167,142
8,72,53,85,167,322
152,108,107,85,167,143
8,72,52,85,167,323
152,108,108,85,167,144
8,72,52,85,167,324
153,109,109,85,167,145
9,71,52,85,167,325
154,109,110,85,167,146
9,71,52,85,167,326
155,109,111,85,167,147
9,71,52,85,167,327
155,109,112,85,167,148
10,71,52,85,167,328
156,109,113,85,167,149
10,71,52,85,167,329
157,109,114,85,167,150
11,71,51,85,167,330
158,109,115,85,167,151
11,71,51,85,167,331
158,109,116,85,167,152
11,71,51,85,167,332
159,109,117,85,167,153
12,71,51,85,167,333
160,110,118,85,167,154
12,70,51,85,167,334
160,110,118,85,167,155
13,70,51,85,167,335
161,110,119,85,167,156
13,70,51,85,167,336
162,110,120,85,167,157
14,70,51,85,167,337
162,110,121,85,167,158
14,70,51,85,167,338
163,110,121,85,167,159
15,70,52,85,167,339
164,110,122,85,167,160
15,70,52,85,167,340
164,110,123,85,167,161
16,70,52,85,167,341
165,110,123,85,167,162
16,70,52,85,167,342
165,110,124,85,167,163
17,70,52,85,167,343
166,110,125,85,167,164
17,70,53,85,167,344
167,110,125,85,167,165
18,70,53,85,167,345
167,110,126,85,167,166
18,70,53,85,167,346
168,110,126,85,167,167
19,70,54,85,167,347
168,110,126,85,167,168
19,70,54,85,167,348
169,110,127,85,167,169
20,70,55,85,167,349
169,110,127,85,167,170
20,70,55,85,167,350
170,110,127,85,167,171
21,70,56,85,167,351
170,110,128,85,167,172
22,70,56,85,167,352
171,110,128,85,167,173
22,70,57,85,167,353
171,110,128,85,167,174
23,70,57,85,167,354
172,110,128,85,167,175
24,70,58,85,167,355
172,110,128,85,167,176
24,70,59,85,167,356
173,110,129,85,167,177
25,70,59,85,167,357
173,110,129,85,167,178
25,70,60,85,167,358
174,110,129,85,167,179
26,70,61,85,167,359
